*name       Sessions  startMJD    stopMJD       X(mm)       Y(mm)       Z(mm)
*                                           Vx(mm/yr)   Vx(mm/yr)   Vx(mm/yr)
FORTLEZA     1824  50085.2392  59170.1359         0.7         1.7        -3.1
                                                  0.0         0.0        -0.0
   KOKEE     2611  50085.2988  59943.3451        -0.5        -2.9        -1.3
                                                  0.1        -0.2        -0.2
  NRAO20      302  50085.2462  51723.1863         6.0       -32.6        19.6
                                                  0.3        -1.9         1.3
WETTZELL     3018  50085.2222  59943.3379         1.9         0.9         1.5
                                                  0.1         0.1         0.2
 BR-VLBA      294  50084.9214  59829.2658         0.5        -3.4         0.2
                                                  0.1        -0.1        -0.1
 FD-VLBA      297  50085.0938  59829.2460        -0.6        -5.5         0.2
                                                 -0.0        -0.3         0.1
 HN-VLBA      291  50084.9143  59829.2712         0.2        -0.7        -1.6
                                                 -0.1         0.1        -0.1
 KP-VLBA      291  50085.0059  59704.2701         0.3        -3.7        -0.1
                                                  0.0        -0.1         0.0
 LA-VLBA      297  50085.0552  59829.2431         0.1        -4.6         0.0
                                                 -0.0        -0.3         0.1
 MK-VLBA      296  50085.0016  59829.2757         0.7        -2.8        -1.1
                                                  0.1        -0.3        -0.1
 NL-VLBA      289  50085.0105  59829.2339         0.3        -2.4        -1.1
                                                  0.0        -0.0        -0.0
 OV-VLBA      296  50085.0072  59829.2478        -0.8        -5.2         1.6
                                                 -0.1        -0.4         0.2
 PIETOWN      297  50085.0634  59829.2479        -0.5        -3.1        -2.0
                                                  0.1         0.0        -0.1
 SC-VLBA      266  50085.0068  59829.2177         0.7         3.6        -4.3
                                                  0.0         0.2        -0.0
GILCREE0      562  50092.2536  52578.2380        -0.3       -13.9        -8.1
                                                 -0.0        -0.8        -0.6
NYALES20     2302  50092.2716  59908.1683         1.2        -1.2         4.4
                                                  0.0        -0.1         0.5
 HARTRAO     1026  50105.0843  59921.3308        -4.2         2.1        -1.3
                                                 -0.2        -0.2        -0.1
WESTFORD     1153  50105.2445  59879.2249         2.2        -2.8        -0.5
                                                  0.1        -0.2         0.1
   DSS45       48  50108.1006  57624.1583        -9.7        -3.3        -1.8
                                                 -0.1        -0.3        -0.3
HOBART26      864  50108.3028  59921.5454        -3.7         0.5         0.1
                                                 -0.0        -0.2        -0.5
ALGOPARK      588  50113.3227  53951.2791         1.9         6.8        -5.0
                                                  0.1         0.6        -0.3
   DSS65       46  50121.3449  53354.1961        26.3        -8.2        25.8
                                                  1.7        -0.5         1.8
  MATERA     1203  50121.3509  59941.2229         1.5         1.2         1.7
                                                  0.2         0.1         0.2
MEDICINA      582  50121.3495  59935.2886         1.5         0.9         2.8
                                                 -0.0        -0.1         0.2
    NOTO      243  50121.3811  59933.2111         7.4         3.9         4.5
                                                  0.5         0.2         0.4
ONSALA60      844  50121.3146  59926.2232         3.5         0.9         4.9
                                                  0.2         0.1         0.7
 KASHIMA       38  50149.3460  51487.3781        16.0        53.8       -25.8
                                                  1.2         3.0        -1.6
SESHAN25      446  50149.3696  59814.1888        -3.1        -1.7         1.3
                                                 -0.3         0.1         0.1
  CRIMEA      119  50156.1492  57204.1340        -1.6         0.5        -0.4
                                                 -0.5        -0.2        -0.3
 URUMQI0      123  50156.5221  56707.2625        -2.6         2.1         4.6
                                                 -0.1         0.7         0.8
   DSS15       30  50197.2342  55174.3217       -13.4        23.9        -5.4
                                                 -0.7         1.8        -0.5
YLOW7296       63  50276.1296  53950.2706         5.9        -7.4        12.4
                                                  0.4        -0.6         1.0
EFLSBERG       41  50390.8568  59549.1697         0.3        -0.9        -0.1
                                                 -0.1        -0.1        -0.0
   YEBES       35  50391.1227  52836.2113         1.5        -2.0        -5.5
                                                  0.5        -0.2         0.1
   SYOWA      126  51491.1934  59594.5515         1.2         4.4        -0.3
                                                  0.3         0.2         0.1
  PARKES       52  52048.1949  57610.1392         9.7        -8.0        14.3
                                                  2.9        -1.9         2.3
GILCREE1      321  52583.2069  53733.4060        -7.4       -28.5       -12.2
                                                 -0.0        -0.8        -0.6
 SVETLOE      699  52705.1687  59933.2975         2.7         1.2         6.2
                                                  0.2         0.1         0.5
METSAHOV       81  53550.1820  59227.1724         1.5        -0.0         1.5
                                                  0.2         0.2         0.2
  DSS65A       38  53619.0187  58884.3416         0.4        -0.5        -2.5
                                                 -0.7        -0.1        -0.8
ZELENCHK      683  53727.2599  59941.2095         5.0         5.2         8.5
                                                  1.0         0.7         1.2
   DSS13       33  54138.3099  59045.1038       -11.3         4.9       -11.1
                                                 -1.0        -0.8        -1.0
  BADARY      574  54161.2831  59935.2759        -2.2         0.4         2.8
                                                 -0.2        -0.2        -0.4
HOBART12      804  55477.3027  59922.3555        -3.5         2.2        -1.6
                                                 -0.0        -0.2        -0.5
 WARK12M      754  55621.3273  59928.3270        -3.5         0.8        -3.0
                                                 -1.7         0.1        -0.9
YARRA12M     1457  55708.3500  59935.2904        -4.2         4.5        -0.8
                                                 -0.2        -1.1         0.0
 KATH12M     1056  55729.2453  59921.2939        -2.8         0.2         1.2
                                                 -0.3         0.1        -0.0
 KUNMING      100  55763.2558  59655.2478        -2.5         1.7         2.7
                                                 -0.7        -0.1        -0.2
 HART15M     1066  56212.3047  59943.2845        -1.5         2.4        -0.4
                                                 -0.2        -0.2        -0.1
TIANMA65       31  56805.2422  59802.2486         1.3        -7.0        -5.2
                                                 -1.6         1.8         1.5
  SEJONG      393  56930.1999  59941.1950         1.0         0.5        -0.0
                                                 -1.8         0.6         0.9
 URUMQI1       90  56972.2494  59768.3067        -1.8        -2.3        -1.1
                                                 -0.1         0.7         0.8
 RAEGYEB      112  57070.1998  59879.2479        -0.9        -0.5        -1.2
                                                  0.5        -0.2         0.1
 ISHIOKA      473  57102.5214  59943.3298        -4.7       -11.0        -7.5
                                                  0.6         2.7         2.3
WETTZ13N      442  57183.2095  59835.2105         0.4         0.3         0.3
                                                  0.1         0.1         0.2
 GGAO12M      105  58091.4526  59795.2732         1.4        -2.5        -2.2
                                                  0.0         0.3        -0.1
KOKEE12M      113  58091.4307  59879.3191         0.6        -0.9        -3.5
                                                  0.1        -0.2        -0.2
WETTZ13S      105  58091.4649  59859.2619         3.9        -0.3         0.3
                                                  0.1         0.1         0.2
    AGGO      145  58164.3406  59941.2901        -1.3        -3.6         8.8
                                                  0.5         0.7        -3.1
ONSA13NE       97  58491.2632  59879.2477         1.4        -0.3        -4.3
                                                  0.2         0.1         0.7
ONSA13SW       78  58491.2758  59879.2503         2.2        -0.9        -2.2
                                                  0.2         0.1         0.7
MACGO12M       80  58870.2635  59859.2563         5.5         0.7         2.3
                                                 -0.8        -2.1         0.2
