HART15M   -0.5358  -0.9258   0.4784   0.7096  -0.0676  -0.1373  -0.0847  -0.0496  -0.5321   0.2481  -0.0960   0.0877
KOKEE12M   0.4175   0.6037   0.4066   0.9864  -0.0309  -0.1800  -0.0266   0.0386   0.5677  -0.2011  -0.0009  -0.0283
MATERA    -0.0896  -0.5585  -0.0761   0.5693   0.1374   0.3167   0.0112   0.0760  -0.5863   0.1846  -0.0972   0.0382
NOTO      -0.0892  -0.6271  -0.0979   0.6442   0.1174   0.2768   0.0104   0.0785  -0.5889   0.1612  -0.1036   0.0347
NYALE13S   0.0382   0.0392  -0.1367   0.0342   0.1661   0.5978   0.0362   0.0509  -0.6285   0.1205  -0.0665   0.0370
NYALES20   0.0382   0.0391  -0.1368   0.0342   0.1663   0.5978   0.0362   0.0509  -0.6285   0.1207  -0.0665   0.0371
ONSALA60  -0.0207  -0.2244  -0.1323   0.2562   0.1456   0.4733   0.0173   0.0649  -0.6114   0.1380  -0.0789   0.0339
SEJONG    -0.5398   0.4888  -0.5568  -0.3605   0.2753  -0.1912  -0.0440  -0.0581   0.3811   0.4852   0.0989  -0.0070
WETTZ13S  -0.0589  -0.3913  -0.1206   0.3966   0.1382   0.4017   0.0088   0.0715  -0.6068   0.1469  -0.0874   0.0330
WETTZ13N  -0.0589  -0.3913  -0.1206   0.3966   0.1382   0.4017   0.0088   0.0715  -0.6068   0.1469  -0.0874   0.0330
WETTZELL  -0.0589  -0.3913  -0.1206   0.3965   0.1382   0.4018   0.0088   0.0715  -0.6068   0.1469  -0.0874   0.0330
KOKEE      0.4175   0.6037   0.4066   0.9864  -0.0309  -0.1800  -0.0266   0.0386   0.5677  -0.2011  -0.0009  -0.0283
YARRA12M  -0.7324   0.4756  -0.5542  -0.7409  -0.1938   0.0593  -0.0246   0.0732   0.3502   0.5040   0.1168   0.0017
AGGO       0.7432  -0.3840  -0.4115  -0.5873   0.2298  -0.1304   0.0287   0.0091  -0.3457  -0.5326  -0.0360  -0.0674
RAEGSMAR   0.2435  -0.3119  -0.6989   0.0902  -0.1172   0.2863  -0.0654   0.0497  -0.5935  -0.2516  -0.0794  -0.0344
WARK12M   -0.0590   0.5288  -0.3393   0.7267  -0.0139   0.3201   0.0128  -0.0103   0.6033   0.0550   0.0242  -0.0474
HOBART12  -0.2990   0.3973  -0.5974   0.1142  -0.1666   0.2862   0.0195   0.0386   0.5335   0.3294   0.0714  -0.0395
KATH12M   -0.8144   0.9883  -1.1353  -0.4404  -0.1122   0.0855  -0.0211   0.0389   0.4161   0.4429   0.1061  -0.0557
MK-VLBA    0.4965   0.6026   0.5741   0.9727  -0.0389  -0.1560  -0.0208   0.0361   0.5560  -0.2384  -0.0049  -0.0218
SESHAN13  -0.6490   0.4776  -0.5598  -0.5695   0.2567  -0.1335  -0.0404  -0.0667   0.3185   0.5199   0.1089  -0.0015
URUMQI13  -0.5465  -0.0979   0.1985  -0.3869   0.3918   0.0012   0.0534  -0.0496   0.0191   0.5791   0.0559   0.0824
HAERBIN   -0.4316   0.4094  -0.4056  -0.2505   0.3227  -0.2382  -0.0236  -0.0612   0.3874   0.4867   0.0914   0.0061
FORTLEZA   0.7080  -0.8760  -1.1830  -0.2768   0.0761  -0.0713  -0.0260   0.0097  -0.4422  -0.4225  -0.0668  -0.0874
GGAO12M    0.7076   0.0062  -0.0236  -0.6466  -0.3211   0.0742  -0.0578  -0.0158  -0.1524  -0.5767  -0.0137  -0.0436
HARTRAO   -0.5358  -0.9258   0.4784   0.7096  -0.0676  -0.1373  -0.0847  -0.0496  -0.5321   0.2481  -0.0960   0.0877
HOBART26  -0.2991   0.3974  -0.5974   0.1143  -0.1665   0.2862   0.0195   0.0386   0.5335   0.3294   0.0714  -0.0395
MACGO12M   0.8912   0.4051   0.6911  -0.5213  -0.2619  -0.0819  -0.0230  -0.0217   0.0916  -0.5560   0.0124  -0.0227
ONSA13NE  -0.0207  -0.2244  -0.1323   0.2562   0.1456   0.4733   0.0173   0.0649  -0.6114   0.1380  -0.0789   0.0339
ONSA13SW  -0.0207  -0.2244  -0.1323   0.2562   0.1455   0.4733   0.0173   0.0649  -0.6114   0.1380  -0.0789   0.0339
RAEGYEB    0.0658  -0.5184  -0.4289   0.4449   0.0172   0.3232  -0.0305   0.0725  -0.6282  -0.0130  -0.0963   0.0002
WESTFORD   0.5803  -0.0392  -0.1416  -0.5500  -0.3454   0.1187  -0.0621  -0.0071  -0.2049  -0.5705  -0.0245  -0.0450
YEBES40M   0.0658  -0.5184  -0.4289   0.4449   0.0173   0.3232  -0.0305   0.0725  -0.6282  -0.0130  -0.0963   0.0002
SESHAN25  -0.6490   0.4776  -0.5598  -0.5695   0.2567  -0.1335  -0.0404  -0.0667   0.3185   0.5199   0.1089  -0.0015
BADARY    -0.4016   0.1513  -0.0686  -0.2969   0.4512  -0.0985   0.0323  -0.0596   0.1834   0.5685   0.0699   0.0549
SVETLOE   -0.1122  -0.2062  -0.0141   0.1971   0.2988   0.4316   0.0469   0.0502  -0.5296   0.3083  -0.0624   0.0557
ZELENCHK  -0.2934  -0.4396   0.3024   0.3201   0.3007   0.2658   0.0579   0.0461  -0.4269   0.4032  -0.0616   0.0829
ISHIOKA   -0.3633   0.5202  -0.6767  -0.0882   0.2197  -0.2451  -0.0616  -0.0379   0.4781   0.4069   0.0863  -0.0295
MEDICINA  -0.0487  -0.4750  -0.1558   0.4832   0.1215   0.3581   0.0002   0.0744  -0.6093   0.1351  -0.0936   0.0292
HN-VLBA    0.5786  -0.0385  -0.1329  -0.5440  -0.3479   0.1152  -0.0617  -0.0069  -0.2014  -0.5706  -0.0244  -0.0448
BR-VLBA    0.3801   0.3909   0.3699  -0.0479  -0.3799  -0.1984  -0.0386  -0.0024   0.2609  -0.5319   0.0048  -0.0432
FD-VLBA    0.8928   0.4038   0.6908  -0.5238  -0.2617  -0.0816  -0.0230  -0.0219   0.0909  -0.5560   0.0124  -0.0227
KP-VLBA    0.7197   0.5012   0.7653  -0.3176  -0.2659  -0.1175  -0.0165  -0.0146   0.1635  -0.5336   0.0108  -0.0208
LA-VLBA    0.7221   0.3752   0.6041  -0.3960  -0.2888  -0.0851  -0.0244  -0.0163   0.1123  -0.5535   0.0073  -0.0278
NL-VLBA    0.6881   0.1914   0.2456  -0.5092  -0.3483  -0.0086  -0.0449  -0.0149  -0.0150  -0.5840  -0.0053  -0.0390
OV-VLBA    0.5283   0.4559   0.6619  -0.1158  -0.2989  -0.1528  -0.0187  -0.0053   0.2332  -0.5340   0.0076  -0.0276
PIETOWN    0.7372   0.4227   0.6663  -0.3749  -0.2798  -0.0968  -0.0215  -0.0159   0.1297  -0.5488   0.0089  -0.0253
KASHIM11  -0.3625   0.5200  -0.6840  -0.0783   0.2166  -0.2461  -0.0625  -0.0370   0.4803   0.4051   0.0858  -0.0305
URUMQI    -0.5466  -0.0979   0.1984  -0.3870   0.3917   0.0012   0.0534  -0.0496   0.0191   0.5791   0.0559   0.0824
TIANMA13  -0.6504   0.4779  -0.5587  -0.5710   0.2568  -0.1332  -0.0403  -0.0668   0.3179   0.5202   0.1090  -0.0013
JILIN12   -0.4632   0.4213  -0.4214  -0.2825   0.3177  -0.2243  -0.0255  -0.0616   0.3795   0.4909   0.0930   0.0053
KASHI12   -0.5462  -0.1980   0.4166  -0.2983   0.3498   0.0681   0.0651  -0.0350  -0.0832   0.5643   0.0321   0.1012
OHIGGINS   0.1306  -0.0724  -0.0858  -0.1503   0.4586  -0.2723   0.0364  -0.0385  -0.3678  -0.5183  -0.0601  -0.0449
SYOWA     -0.0972  -0.0747  -0.0111  -0.0024  -0.3982  -0.4482  -0.0965  -0.0197  -0.4788   0.3928  -0.0316   0.0632
KUNMING   -0.9451   0.3079  -0.0735  -0.9566   0.2253  -0.0394  -0.0054  -0.0661   0.1698   0.5416   0.1164   0.0491
KASHIM34  -0.3624   0.5200  -0.6840  -0.0782   0.2166  -0.2461  -0.0625  -0.0370   0.4804   0.4051   0.0858  -0.0305
KOGANEI   -0.3764   0.5244  -0.6857  -0.1058   0.2203  -0.2390  -0.0618  -0.0388   0.4728   0.4109   0.0872  -0.0294
TSUKUB32  -0.3658   0.5225  -0.6787  -0.0913   0.2196  -0.2439  -0.0617  -0.0380   0.4773   0.4079   0.0865  -0.0295
VERAMZSW  -0.3256   0.4821  -0.6154  -0.0652   0.2305  -0.2695  -0.0565  -0.0393   0.4849   0.3972   0.0854  -0.0256
AIRA      -0.5118   0.5314  -0.7042  -0.3494   0.2379  -0.1807  -0.0574  -0.0537   0.4049   0.4665   0.0995  -0.0215
TIANMA65  -0.6504   0.4779  -0.5586  -0.5709   0.2568  -0.1332  -0.0403  -0.0668   0.3179   0.5202   0.1090  -0.0013
PARKES    -0.4898   0.6655  -0.8616   0.1940  -0.1146   0.2070   0.0226   0.0269   0.4999   0.3472   0.0663  -0.0568
EFLSBERG  -0.0082  -0.3474  -0.1924   0.3571   0.0912   0.4174  -0.0008   0.0714  -0.6240   0.0845  -0.0873   0.0242
SC-VLBA    0.8557  -0.2269  -0.4255  -1.0307  -0.0833   0.0215  -0.0662  -0.0159  -0.2757  -0.5452  -0.0027  -0.0643
SVERT13V  -0.1122  -0.2062  -0.0141   0.1971   0.2988   0.4316   0.0469   0.0502  -0.5296   0.3082  -0.0624   0.0557
METSAHOV  -0.0820  -0.2012  -0.0474   0.2137   0.2580   0.4543   0.0391   0.0552  -0.5581   0.2611  -0.0680   0.0494
NYALE13N   0.0382   0.0392  -0.1367   0.0342   0.1661   0.5978   0.0362   0.0509  -0.6285   0.1205  -0.0665   0.0370
WETTVDIF  -0.0589  -0.3913  -0.1206   0.3965   0.1382   0.4018   0.0088   0.0715  -0.6068   0.1469  -0.0874   0.0330
WETTDBBC  -0.0589  -0.3913  -0.1206   0.3965   0.1382   0.4018   0.0088   0.0715  -0.6068   0.1469  -0.0874   0.0330
GILCREEK   0.1274   0.2760  -0.0152   0.1222  -0.3240  -0.4664  -0.0703  -0.0196   0.5178  -0.3286   0.0361  -0.0610
NRAO20     0.7137   0.0483   0.0458  -0.6565  -0.3189   0.0529  -0.0546  -0.0177  -0.1265  -0.5737  -0.0100  -0.0428
TIGOCONC   0.5090  -0.1341  -0.0652  -0.7142   0.3117  -0.0793   0.0191   0.0223  -0.2554  -0.5349  -0.0101  -0.0610
BADRT13V  -0.4016   0.1514  -0.0686  -0.2969   0.4512  -0.0985   0.0323  -0.0596   0.1834   0.5685   0.0699   0.0549
ZELRT13V  -0.2933  -0.4396   0.3024   0.3201   0.3007   0.2658   0.0579   0.0461  -0.4269   0.4032  -0.0616   0.0829
ALGOPARK   0.5717   0.0209  -0.0379  -0.4798  -0.3841   0.0838  -0.0588  -0.0055  -0.1497  -0.5813  -0.0221  -0.0439
KASHIMA   -0.3624   0.5200  -0.6841  -0.0782   0.2166  -0.2461  -0.0625  -0.0369   0.4804   0.4051   0.0858  -0.0305
HAYSTACK   0.5801  -0.0393  -0.1417  -0.5498  -0.3455   0.1188  -0.0621  -0.0070  -0.2050  -0.5705  -0.0246  -0.0450
NRAO_140   0.7137   0.0485   0.0460  -0.6565  -0.3190   0.0528  -0.0545  -0.0177  -0.1264  -0.5737  -0.0100  -0.0428
OVRO_130   0.5282   0.4559   0.6619  -0.1157  -0.2989  -0.1528  -0.0187  -0.0053   0.2333  -0.5340   0.0076  -0.0276
GOLDMARS   0.5795   0.5076   0.7101  -0.1577  -0.2878  -0.1411  -0.0168  -0.0072   0.2163  -0.5417   0.0084  -0.0249
TIDBIN64  -0.4009   0.5798  -0.7873   0.1953  -0.1179   0.2253   0.0247   0.0272   0.5113   0.3369   0.0655  -0.0532
MIAMI20    0.8141   0.0427   0.1310  -0.9672  -0.2101   0.0066  -0.0533  -0.0281  -0.1224  -0.5755   0.0094  -0.0429
DSS36     -0.4012   0.5800  -0.7876   0.1952  -0.1178   0.2252   0.0247   0.0272   0.5112   0.3370   0.0655  -0.0532
WARK30M   -0.0590   0.5288  -0.3393   0.7267  -0.0139   0.3201   0.0128  -0.0103   0.6033   0.0551   0.0242  -0.0474
DSS13      0.5823   0.5110   0.7149  -0.1610  -0.2865  -0.1406  -0.0166  -0.0074   0.2150  -0.5418   0.0085  -0.0246
CRIMEA    -0.2146  -0.4504   0.1990   0.4010   0.2664   0.3016   0.0453   0.0582  -0.4893   0.3386  -0.0745   0.0703
DSS65A     0.0852  -0.5129  -0.4472   0.4319   0.0100   0.3229  -0.0326   0.0717  -0.6282  -0.0218  -0.0958  -0.0019
ONSAFLEX  -0.0207  -0.2244  -0.1323   0.2562   0.1456   0.4733   0.0173   0.0649  -0.6114   0.1380  -0.0789   0.0339
ONSAVDIF  -0.0207  -0.2244  -0.1323   0.2562   0.1456   0.4733   0.0173   0.0649  -0.6114   0.1380  -0.0789   0.0339
NOTDBBC   -0.0892  -0.6271  -0.0979   0.6442   0.1174   0.2768   0.0104   0.0785  -0.5889   0.1612  -0.1036   0.0347
NOTOVDIF  -0.0892  -0.6271  -0.0979   0.6442   0.1174   0.2768   0.0104   0.0785  -0.5889   0.1612  -0.1036   0.0347
HOBADBBC  -0.2991   0.3974  -0.5974   0.1143  -0.1665   0.2862   0.0195   0.0386   0.5335   0.3294   0.0714  -0.0395
NYALDBBC   0.0382   0.0391  -0.1368   0.0342   0.1663   0.5978   0.0362   0.0509  -0.6285   0.1207  -0.0665   0.0371
DSS34     -0.4010   0.5799  -0.7874   0.1953  -0.1179   0.2253   0.0247   0.0272   0.5113   0.3369   0.0655  -0.0532
DSS45     -0.4011   0.5799  -0.7875   0.1952  -0.1179   0.2252   0.0247   0.0272   0.5113   0.3370   0.0655  -0.0532
USUDA64   -0.3817   0.5129  -0.6705  -0.1307   0.2278  -0.2342  -0.0599  -0.0410   0.4642   0.4167   0.0885  -0.0270
CHICHI10  -0.3802   0.5891  -0.9102  -0.0623   0.1684  -0.1801  -0.0741  -0.0288   0.4868   0.3859   0.0837  -0.0487
VERAISGK  -0.6315   0.5376  -0.7377  -0.6413   0.1995  -0.1087  -0.0503  -0.0537   0.3437   0.4988   0.1141  -0.0179
OHIGGADS   0.1306  -0.0724  -0.0858  -0.1503   0.4586  -0.2723   0.0364  -0.0385  -0.3678  -0.5183  -0.0601  -0.0449
YEBDBBC    0.0658  -0.5184  -0.4289   0.4449   0.0173   0.3232  -0.0305   0.0725  -0.6282  -0.0130  -0.0963   0.0002
YEBESDBC   0.0658  -0.5184  -0.4289   0.4449   0.0173   0.3232  -0.0305   0.0725  -0.6282  -0.0130  -0.0963   0.0002
ONSALAAN  -0.0207  -0.2244  -0.1323   0.2562   0.1456   0.4733   0.0173   0.0649  -0.6114   0.1380  -0.0789   0.0339
YEBEDBBC   0.0658  -0.5184  -0.4289   0.4449   0.0173   0.3232  -0.0305   0.0725  -0.6282  -0.0130  -0.0963   0.0002
SINTOTU3  -0.2845   0.4553  -0.5259  -0.0413   0.2457  -0.3055  -0.0483  -0.0431   0.4924   0.3940   0.0845  -0.0193
UCHINOUR  -0.5081   0.5347  -0.7229  -0.3451   0.2328  -0.1798  -0.0584  -0.0525   0.4089   0.4648   0.0995  -0.0234
DSS15      0.5796   0.5076   0.7102  -0.1578  -0.2878  -0.1410  -0.0168  -0.0072   0.2163  -0.5417   0.0084  -0.0249
GGAO7108   0.7076   0.0062  -0.0236  -0.6466  -0.3211   0.0742  -0.0578  -0.0158  -0.1524  -0.5767  -0.0137  -0.0436
GIFU11    -0.4116   0.5170  -0.6769  -0.1704   0.2313  -0.2226  -0.0595  -0.0434   0.4513   0.4305   0.0905  -0.0257
YLOW7296   0.2439   0.2300   0.0818  -0.0259  -0.5002  -0.2120  -0.0732   0.0044   0.2289  -0.5471  -0.0043  -0.0565
MIZNAO10  -0.3256   0.4821  -0.6154  -0.0652   0.2305  -0.2695  -0.0565  -0.0393   0.4849   0.3972   0.0854  -0.0256
DSS65      0.0852  -0.5129  -0.4472   0.4319   0.0100   0.3229  -0.0326   0.0717  -0.6282  -0.0218  -0.0958  -0.0019
YEBES      0.0659  -0.5184  -0.4289   0.4448   0.0172   0.3232  -0.0305   0.0725  -0.6282  -0.0130  -0.0963   0.0002
TOMAKO11  -0.2960   0.4579  -0.5425  -0.0478   0.2431  -0.2995  -0.0499  -0.0427   0.4900   0.3947   0.0848  -0.0203
GIFU3     -0.4116   0.5171  -0.6770  -0.1704   0.2313  -0.2226  -0.0595  -0.0434   0.4513   0.4305   0.0905  -0.0258
TSUKU3    -0.3657   0.5224  -0.6787  -0.0914   0.2196  -0.2439  -0.0617  -0.0380   0.4773   0.4079   0.0865  -0.0295
TIGOWTZL  -0.0589  -0.3913  -0.1206   0.3965   0.1382   0.4017   0.0088   0.0715  -0.6068   0.1469  -0.0874   0.0330
DSS26      0.5802   0.5088   0.7127  -0.1586  -0.2872  -0.1410  -0.0167  -0.0073   0.2159  -0.5417   0.0084  -0.0248
DSS56      0.0852  -0.5129  -0.4473   0.4319   0.0100   0.3229  -0.0326   0.0717  -0.6282  -0.0218  -0.0958  -0.0019
CTVASTJ    0.3262  -0.1269  -0.3893  -0.2932  -0.3252   0.2546  -0.0680   0.0179  -0.3950  -0.5022  -0.0521  -0.0397
NRAO85_3   0.7138   0.0486   0.0463  -0.6567  -0.3189   0.0528  -0.0545  -0.0178  -0.1263  -0.5737  -0.0099  -0.0428
SANTIA12   0.5805  -0.2109  -0.1444  -0.7867   0.2680  -0.0780   0.0156   0.0262  -0.2887  -0.5082  -0.0092  -0.0638
KANOZAN   -0.3786   0.5256  -0.6987  -0.0957   0.2163  -0.2396  -0.0631  -0.0378   0.4754   0.4097   0.0867  -0.0309
KOGANEI3  -0.3764   0.5244  -0.6858  -0.1058   0.2203  -0.2389  -0.0618  -0.0388   0.4728   0.4109   0.0872  -0.0294
MIURA     -0.3821   0.5260  -0.6987  -0.1029   0.2172  -0.2378  -0.0629  -0.0383   0.4734   0.4111   0.0871  -0.0305
SUWON     -0.5400   0.4806  -0.5387  -0.3565   0.2795  -0.1941  -0.0418  -0.0585   0.3798   0.4867   0.0984  -0.0054
VLA-N8     0.7524   0.4188   0.6656  -0.3890  -0.2779  -0.0935  -0.0218  -0.0164   0.1239  -0.5507   0.0092  -0.0253
TATEYAMA  -0.3837   0.5259  -0.7061  -0.0988   0.2153  -0.2376  -0.0636  -0.0378   0.4743   0.4105   0.0869  -0.0313
PENTICTN   0.3632   0.3690   0.3380  -0.0446  -0.3921  -0.2037  -0.0411  -0.0025   0.2629  -0.5294   0.0045  -0.0448
JILIN     -0.4632   0.4213  -0.4214  -0.2825   0.3177  -0.2243  -0.0255  -0.0616   0.3795   0.4909   0.0930   0.0053
SANYA     -0.9262   0.4078  -0.3291  -1.0391   0.1861  -0.0387  -0.0278  -0.0487   0.2108   0.5467   0.1284   0.0238
HRAS_085   0.8927   0.4038   0.6908  -0.5237  -0.2617  -0.0816  -0.0230  -0.0219   0.0909  -0.5560   0.0124  -0.0227
CHLBOLTN   0.0464  -0.2937  -0.2785   0.3046   0.0264   0.4332  -0.0148   0.0696  -0.6390   0.0004  -0.0870   0.0126
GOLDVENU   0.5823   0.5110   0.7149  -0.1610  -0.2865  -0.1406  -0.0166  -0.0074   0.2150  -0.5418   0.0085  -0.0246
MARPOINT   0.7220   0.0112  -0.0121  -0.6619  -0.3174   0.0697  -0.0572  -0.0168  -0.1477  -0.5772  -0.0123  -0.0437
JPL_MV1    0.5317   0.5062   0.7509  -0.1321  -0.2799  -0.1469  -0.0148  -0.0065   0.2268  -0.5335   0.0089  -0.0229
MON_PEAK   0.5975   0.5226   0.7794  -0.1850  -0.2696  -0.1396  -0.0141  -0.0091   0.2027  -0.5426   0.0098  -0.0212
QUINCY     0.4648   0.4453   0.5904  -0.0486  -0.3142  -0.1795  -0.0235  -0.0023   0.2644  -0.5206   0.0073  -0.0318
PBLOSSOM   0.5430   0.5025   0.7412  -0.1370  -0.2822  -0.1459  -0.0152  -0.0066   0.2241  -0.5356   0.0088  -0.0234
ROBLED32   0.0852  -0.5129  -0.4472   0.4319   0.0100   0.3229  -0.0326   0.0717  -0.6282  -0.0218  -0.0958  -0.0019
GOLDECHO   0.5818   0.5103   0.7134  -0.1605  -0.2869  -0.1406  -0.0167  -0.0074   0.2152  -0.5418   0.0084  -0.0247
MADRID64   0.0851  -0.5128  -0.4471   0.4319   0.0101   0.3229  -0.0326   0.0717  -0.6282  -0.0218  -0.0958  -0.0019
HATCREEK   0.4476   0.4368   0.5681  -0.0363  -0.3182  -0.1845  -0.0246  -0.0019   0.2687  -0.5214   0.0074  -0.0331
PLATTVIL   0.6303   0.2956   0.4757  -0.3612  -0.3352  -0.0877  -0.0322  -0.0130   0.0957  -0.5662   0.0028  -0.0335
MOJAVE12   0.5799   0.5086   0.7129  -0.1583  -0.2872  -0.1411  -0.0167  -0.0073   0.2160  -0.5417   0.0084  -0.0247
MAMMOTHL   0.5076   0.4480   0.6519  -0.0989  -0.3012  -0.1591  -0.0192  -0.0046   0.2410  -0.5289   0.0076  -0.0282
VNDNBERG   0.4773   0.5077   0.7479  -0.0690  -0.2763  -0.1604  -0.0143  -0.0038   0.2594  -0.5219   0.0085  -0.0232
FORT_ORD   0.4627   0.4910   0.6859  -0.0369  -0.2882  -0.1722  -0.0167  -0.0020   0.2680  -0.5152   0.0083  -0.0266
PRESIDIO   0.4448   0.4849   0.6524  -0.0200  -0.2949  -0.1791  -0.0185  -0.0013   0.2752  -0.5133   0.0082  -0.0285
PT_REYES   0.4301   0.4844   0.6439  -0.0090  -0.2957  -0.1824  -0.0189  -0.0008   0.2799  -0.5129   0.0083  -0.0291
SANPAULA   0.5096   0.5058   0.7486  -0.1103  -0.2802  -0.1505  -0.0146  -0.0055   0.2386  -0.5288   0.0087  -0.0231
PINFLATS   0.5956   0.5221   0.7598  -0.1793  -0.2747  -0.1396  -0.0149  -0.0086   0.2054  -0.5427   0.0094  -0.0222
YUMA       0.6744   0.5592   0.7639  -0.2424  -0.2679  -0.1260  -0.0153  -0.0115   0.1883  -0.5407   0.0100  -0.0216
BLKBUTTE   0.6250   0.5368   0.7542  -0.1979  -0.2738  -0.1354  -0.0154  -0.0093   0.1997  -0.5444   0.0095  -0.0225
PVERDES    0.5201   0.5119   0.7649  -0.1284  -0.2755  -0.1478  -0.0141  -0.0065   0.2297  -0.5317   0.0091  -0.0222
RICHMOND   0.8141   0.0427   0.1310  -0.9672  -0.2101   0.0066  -0.0533  -0.0281  -0.1224  -0.5755   0.0094  -0.0429
DEADMANL   0.6010   0.5250   0.7408  -0.1797  -0.2789  -0.1384  -0.0158  -0.0084   0.2065  -0.5432   0.0091  -0.0232
OCOTILLO   0.6274   0.5342   0.7785  -0.2021  -0.2689  -0.1367  -0.0143  -0.0099   0.1969  -0.5451   0.0099  -0.0211
FLAGSTAF   0.6644   0.4708   0.6797  -0.2839  -0.2864  -0.1129  -0.0197  -0.0122   0.1650  -0.5404   0.0082  -0.0253
ELY        0.5472   0.4359   0.5887  -0.1785  -0.3159  -0.1426  -0.0242  -0.0074   0.2078  -0.5394   0.0063  -0.0308
KAUAI      0.4175   0.6037   0.4066   0.9865  -0.0309  -0.1800  -0.0266   0.0386   0.5678  -0.2011  -0.0009  -0.0283
KWAJAL26  -0.0251   0.7890  -0.8346   0.9171   0.0482  -0.0702  -0.0492   0.0213   0.5832   0.1408   0.0206  -0.0735
NOME       0.0535   0.2582  -0.0933   0.1418  -0.1667  -0.5296  -0.0596  -0.0330   0.6092  -0.1540   0.0589  -0.0531
SNDPOINT   0.1355   0.2854  -0.0152   0.2548  -0.1793  -0.4628  -0.0499  -0.0114   0.5870  -0.2013   0.0469  -0.0521
KODIAK     0.1513   0.2679   0.0158   0.2056  -0.2548  -0.4514  -0.0566  -0.0137   0.5514  -0.2792   0.0394  -0.0561
SOURDOGH   0.1520   0.2611   0.0124   0.1362  -0.3337  -0.4486  -0.0688  -0.0149   0.5051  -0.3491   0.0326  -0.0603
YAKATAGA   0.1516   0.2537   0.0501   0.1477  -0.3461  -0.4167  -0.0655  -0.0108   0.4827  -0.3794   0.0278  -0.0590
WHTHORSE   0.1956   0.2864   0.0766   0.1054  -0.3988  -0.3714  -0.0684  -0.0068   0.4210  -0.4392   0.0187  -0.0593
YELLOWKN   0.2439   0.2300   0.0818  -0.0260  -0.5002  -0.2119  -0.0732   0.0044   0.2288  -0.5472  -0.0043  -0.0565
VERNAL     0.5712   0.3686   0.5230  -0.2724  -0.3308  -0.1114  -0.0289  -0.0103   0.1522  -0.5478   0.0041  -0.0327
SHANGHAI  -0.6433   0.4757  -0.5628  -0.5631   0.2567  -0.1348  -0.0409  -0.0665   0.3208   0.5189   0.1087  -0.0019
SEATTLE1   0.3509   0.3840   0.3840  -0.0116  -0.3716  -0.2179  -0.0371  -0.0015   0.2833  -0.5209   0.0065  -0.0429
AUSTINTX   0.9365   0.3005   0.5708  -0.6591  -0.2700  -0.0577  -0.0301  -0.0258   0.0501  -0.5699   0.0126  -0.0274
CARROLGA   0.8511   0.1368   0.2174  -0.7538  -0.2871   0.0107  -0.0469  -0.0247  -0.0714  -0.5716   0.0018  -0.0383
BERMUDA    0.5968  -0.0719  -0.3160  -0.7447  -0.2379   0.1113  -0.0700  -0.0126  -0.2722  -0.5430  -0.0192  -0.0519
BLOOMIND   0.7470   0.1528   0.1839  -0.6088  -0.3271   0.0204  -0.0478  -0.0186  -0.0590  -0.5793  -0.0053  -0.0397
LEONRDOK   0.8378   0.2808   0.4266  -0.5811  -0.3021  -0.0340  -0.0351  -0.0216   0.0253  -0.5778   0.0046  -0.0329
MOJ_7288   0.5798   0.5085   0.7129  -0.1582  -0.2872  -0.1411  -0.0167  -0.0073   0.2160  -0.5417   0.0084  -0.0247
OVR_7853   0.5279   0.4558   0.6619  -0.1154  -0.2989  -0.1529  -0.0187  -0.0053   0.2334  -0.5339   0.0076  -0.0276
MILESMON   0.5225   0.3052   0.3438  -0.2606  -0.3961  -0.1099  -0.0411  -0.0075   0.1224  -0.5667  -0.0021  -0.0404
HALEAKAL   0.4781   0.6023   0.5364   0.9681  -0.0382  -0.1640  -0.0218   0.0369   0.5576  -0.2318  -0.0039  -0.0237
MCD_7850   0.8913   0.4050   0.6910  -0.5215  -0.2620  -0.0818  -0.0230  -0.0217   0.0915  -0.5560   0.0124  -0.0227
FTD_7900   0.8927   0.4038   0.6908  -0.5237  -0.2617  -0.0816  -0.0230  -0.0219   0.0909  -0.5560   0.0124  -0.0227
FORTORDS   0.4625   0.4917   0.6884  -0.0370  -0.2876  -0.1719  -0.0166  -0.0021   0.2680  -0.5153   0.0083  -0.0265
GORF7102   0.7076   0.0062  -0.0236  -0.6467  -0.3211   0.0742  -0.0578  -0.0158  -0.1524  -0.5767  -0.0137  -0.0436
HOHENFRG  -0.0291  -0.3038  -0.1462   0.3233   0.1236   0.4321   0.0094   0.0690  -0.6148   0.1243  -0.0837   0.0306
METSHOVI  -0.0820  -0.2009  -0.0476   0.2134   0.2581   0.4545   0.0391   0.0552  -0.5582   0.2610  -0.0680   0.0494
MARCUS    -0.2473   0.6390  -0.9187   0.3327   0.1168  -0.1836  -0.0774  -0.0028   0.5503   0.2806   0.0596  -0.0624
TROMSONO   0.0016  -0.0385  -0.1197   0.1011   0.2262   0.5313   0.0405   0.0532  -0.5946   0.2038  -0.0648   0.0428
CARNUSTY   0.0521  -0.1811  -0.2475   0.2216   0.0140   0.4769  -0.0080   0.0670  -0.6469  -0.0238  -0.0829   0.0148
BREST      0.0785  -0.2926  -0.3374   0.3213   0.0023   0.4114  -0.0249   0.0688  -0.6370  -0.0263  -0.0888   0.0058
GRASSE    -0.0102  -0.4576  -0.2374   0.4779   0.0894   0.3580  -0.0100   0.0747  -0.6228   0.0858  -0.0951   0.0202
NOBEY_6M  -0.3824   0.5174  -0.6755  -0.1287   0.2261  -0.2340  -0.0604  -0.0407   0.4652   0.4162   0.0884  -0.0275
CTVASBAY   0.5748   0.0084  -0.0711  -0.4923  -0.3763   0.0958  -0.0598  -0.0053  -0.1669  -0.5786  -0.0234  -0.0441
SEST       0.6862  -0.2181  -0.1635  -0.8810   0.2297  -0.0691   0.0081   0.0309  -0.2758  -0.5054  -0.0036  -0.0647
NOTOX     -0.0892  -0.6271  -0.0979   0.6442   0.1174   0.2768   0.0104   0.0785  -0.5889   0.1612  -0.1036   0.0347
VLBA85_3   0.7138   0.0486   0.0463  -0.6567  -0.3189   0.0528  -0.0545  -0.0178  -0.1263  -0.5737  -0.0099  -0.0428
WIDE85_3   0.7138   0.0486   0.0463  -0.6567  -0.3189   0.0528  -0.0545  -0.0178  -0.1263  -0.5737  -0.0099  -0.0428
TRYSILNO  -0.0203  -0.1717  -0.1305   0.2032   0.1549   0.4965   0.0222   0.0621  -0.6145   0.1420  -0.0753   0.0353
MIZUSGSI  -0.3249   0.4824  -0.6160  -0.0637   0.2300  -0.2697  -0.0566  -0.0392   0.4854   0.3969   0.0853  -0.0258
USSURISK  -0.4083   0.4654  -0.4683  -0.2029   0.2959  -0.2608  -0.0341  -0.0562   0.4237   0.4626   0.0909  -0.0038
TOULOUSE   0.0087  -0.4534  -0.3232   0.4437   0.0469   0.3606  -0.0208   0.0730  -0.6311   0.0321  -0.0948   0.0108
AZORES     0.2415  -0.2981  -0.6865   0.0754  -0.1233   0.2919  -0.0653   0.0488  -0.5914  -0.2578  -0.0785  -0.0339
HOHNBERG  -0.0503  -0.3967  -0.1481   0.4190   0.1216   0.3949   0.0028   0.0730  -0.6125   0.1279  -0.0896   0.0296
KIRSBERG  -0.0636  -0.3606  -0.1037   0.3602   0.1530   0.4126   0.0140   0.0695  -0.6016   0.1605  -0.0843   0.0357
KARLBURG  -0.0390  -0.2899  -0.1142   0.3115   0.1505   0.4338   0.0163   0.0673  -0.6058   0.1540  -0.0815   0.0353
HOFN       0.0827  -0.0588  -0.2386   0.0816  -0.1147   0.5250  -0.0148   0.0653  -0.6376  -0.1697  -0.0789   0.0061
NRAO85_1   0.7137   0.0484   0.0459  -0.6565  -0.3189   0.0529  -0.0546  -0.0177  -0.1265  -0.5737  -0.0100  -0.0428
SINTOTU   -0.2845   0.4553  -0.5259  -0.0413   0.2457  -0.3055  -0.0483  -0.0431   0.4924   0.3940   0.0845  -0.0193
VICTORIA   0.3283   0.3781   0.3645   0.0071  -0.3753  -0.2295  -0.0383  -0.0012   0.2964  -0.5145   0.0074  -0.0441
HARTVGS   -0.5358  -0.9259   0.4785   0.7096  -0.0676  -0.1373  -0.0847  -0.0496  -0.5321   0.2481  -0.0960   0.0877
MATVGOS   -0.0896  -0.5585  -0.0761   0.5692   0.1374   0.3167   0.0112   0.0760  -0.5863   0.1846  -0.0972   0.0382
