HART15M   -0.120247  -0.071329  -0.051918  -0.065917  -0.008197  -0.040073
KOKEE12M  -0.143857  -0.017685  -0.024572  -0.050436   0.010024   0.061319
MATERA     0.079876  -0.024393   0.011526   0.007386  -0.009246  -0.058882
NOTO       0.096368  -0.019452   0.005411   0.001386  -0.013350  -0.061740
NYALE13S   0.048425  -0.028364   0.038630   0.033134  -0.012643  -0.062127
NYALES20   0.048479  -0.028359   0.038642   0.033144  -0.012627  -0.062117
ONSALA60   0.089719  -0.035644   0.018865   0.016786  -0.002169  -0.061173
SEJONG    -0.101600   0.054853  -0.023445   0.004095   0.053201   0.058198
WETTZ13S   0.057112  -0.040250   0.012282   0.010985  -0.007758  -0.061159
WETTZ13N   0.057113  -0.040251   0.012282   0.010985  -0.007758  -0.061160
WETTZELL   0.057114  -0.040251   0.012281   0.010985  -0.007758  -0.061160
KOKEE     -0.143859  -0.017685  -0.024572  -0.050436   0.010024   0.061319
YARRA12M   0.065251  -0.146178  -0.018609  -0.071104   0.045517   0.038119
AGGO      -0.062069   0.168449  -0.024877   0.010783  -0.031256  -0.065107
RAEGSMAR   0.185778  -0.108007  -0.008771  -0.031184  -0.033206  -0.083236
WARK12M    0.268920   0.029830   0.002563  -0.015842   0.023975   0.061882
HOBART12   0.209446  -0.083973   0.004743  -0.043348   0.026378   0.067474
KATH12M    0.051079  -0.052593  -0.019688  -0.049131   0.041899   0.065408
MK-VLBA   -0.114612  -0.015363  -0.022237  -0.048730   0.007412   0.056208
SESHAN13  -0.081895   0.046191  -0.019119  -0.001137   0.057034   0.042416
URUMQI13  -0.027819  -0.022540   0.003074   0.025615   0.029359   0.024277
HAERBIN   -0.082421   0.018792  -0.020832   0.010535   0.053866   0.054992
FORTLEZA  -0.015194   0.027484  -0.033888  -0.028253  -0.039057  -0.077623
GGAO12M    0.050880  -0.084967  -0.028392  -0.078063  -0.050936  -0.027450
HARTRAO   -0.120247  -0.071333  -0.051919  -0.065918  -0.008195  -0.040072
HOBART26   0.209446  -0.083959   0.004738  -0.043343   0.026368   0.067480
MACGO12M  -0.005393  -0.032680  -0.038839  -0.075446  -0.033034  -0.014127
ONSA13NE   0.089844  -0.035626   0.018857   0.016777  -0.002175  -0.061181
ONSA13SW   0.089861  -0.035624   0.018855   0.016776  -0.002176  -0.061182
RAEGYEB    0.088838  -0.051653  -0.000568  -0.009953  -0.016149  -0.076315
WESTFORD   0.065475  -0.100724  -0.023536  -0.078962  -0.054413  -0.032083
YEBES40M   0.088838  -0.051651  -0.000567  -0.009951  -0.016150  -0.076314
SESHAN25  -0.081899   0.046198  -0.019120  -0.001136   0.057035   0.042416
BADARY    -0.041759  -0.012666   0.000529   0.026470   0.038370   0.038153
SVETLOE    0.037899  -0.030725   0.020702   0.032861   0.003411  -0.040663
ZELENCHK   0.019722  -0.024565   0.014675   0.025239   0.008801  -0.024676
ISHIOKA   -0.143431   0.070568  -0.028926  -0.008113   0.058548   0.065709
MEDICINA   0.073235  -0.035811   0.014530   0.007148  -0.011369  -0.063626
HN-VLBA    0.061673  -0.094371  -0.024075  -0.078536  -0.053497  -0.032993
BR-VLBA   -0.053950  -0.051874  -0.049771  -0.086296  -0.029288  -0.002016
FD-VLBA   -0.005193  -0.032640  -0.038799  -0.075398  -0.033062  -0.014155
KP-VLBA   -0.025695  -0.040305  -0.041876  -0.078970  -0.031013  -0.010799
LA-VLBA   -0.013342  -0.036989  -0.041275  -0.079364  -0.032291  -0.012753
NL-VLBA    0.013295  -0.049467  -0.037102  -0.078882  -0.039716  -0.023253
OV-VLBA   -0.048599  -0.049706  -0.045925  -0.083025  -0.029496  -0.004616
PIETOWN   -0.016859  -0.036328  -0.041367  -0.078863  -0.031598  -0.011684
KASHIM11  -0.152384   0.077720  -0.029267  -0.008517   0.059116   0.065582
URUMQI    -0.027822  -0.022537   0.003072   0.025613   0.029362   0.024282
TIANMA13  -0.081193   0.045125  -0.019090  -0.001118   0.056940   0.042462
JILIN12   -0.082443   0.021453  -0.021287   0.010732   0.053988   0.054053
KASHI12   -0.019934  -0.028305   0.004983   0.024306   0.022806   0.012588
OHIGGINS  -0.078558   0.213172  -0.000354   0.012639  -0.028498  -0.053168
SYOWA     -0.098813  -0.065724  -0.033326  -0.059786  -0.010631  -0.025048
KUNMING   -0.034546  -0.012624  -0.013993   0.000894   0.041497   0.038437
KASHIM34  -0.152436   0.077758  -0.029266  -0.008521   0.059117   0.065583
KOGANEI   -0.139804   0.069857  -0.029763  -0.006759   0.056781   0.066698
TSUKUB32  -0.141917   0.069698  -0.029062  -0.007897   0.058133   0.065973
VERAMZSW  -0.147729   0.068089  -0.028502  -0.007660   0.057479   0.067312
AIRA      -0.117807   0.075239  -0.025240  -0.003430   0.052708   0.063042
TIANMA65  -0.081185   0.045109  -0.019087  -0.001119   0.056938   0.042463
PARKES     0.144112  -0.047172   0.000693  -0.045369   0.025859   0.072877
EFLSBERG   0.073239  -0.044609   0.008388   0.006130  -0.007944  -0.066830
SC-VLBA    0.080085  -0.083053  -0.030790  -0.043571  -0.049748  -0.052764
SVERT13V   0.037902  -0.030726   0.020707   0.032863   0.003409  -0.040667
METSAHOV   0.057286  -0.028015   0.022746   0.030088   0.001272  -0.047221
NYALE13N   0.048422  -0.028365   0.038629   0.033134  -0.012643  -0.062127
WETTVDIF   0.057114  -0.040251   0.012281   0.010985  -0.007758  -0.061160
WETTDBBC   0.057114  -0.040251   0.012281   0.010985  -0.007758  -0.061160
GILCREEK  -0.085724  -0.038168  -0.059129  -0.076111  -0.003217   0.041300
NRAO20     0.040606  -0.068790  -0.030814  -0.076590  -0.047748  -0.028821
TIGOCONC  -0.017112   0.226959  -0.011083   0.011806  -0.036958  -0.023395
BADRT13V  -0.041761  -0.012665   0.000528   0.026468   0.038371   0.038154
ZELRT13V   0.019728  -0.024562   0.014676   0.025240   0.008802  -0.024677
ALGOPARK   0.038900  -0.068907  -0.029653  -0.075600  -0.047665  -0.033291
KASHIMA   -0.152493   0.077804  -0.029267  -0.008524   0.059115   0.065587
HAYSTACK   0.065474  -0.100708  -0.023529  -0.078963  -0.054419  -0.032081
NRAO_140   0.040576  -0.068752  -0.030821  -0.076590  -0.047738  -0.028825
OVRO_130  -0.048622  -0.049720  -0.045927  -0.083027  -0.029496  -0.004613
GOLDMARS  -0.043841  -0.048535  -0.045136  -0.082524  -0.029845  -0.006210
TIDBIN64   0.164117  -0.053512   0.004292  -0.045306   0.022507   0.073244
MIAMI20    0.050131  -0.091148  -0.031292  -0.064620  -0.046862  -0.031041
DSS36      0.164032  -0.053484   0.004281  -0.045307   0.022519   0.073242
WARK30M    0.268920   0.029829   0.002564  -0.015843   0.023970   0.061883
DSS13     -0.043593  -0.048616  -0.045073  -0.082483  -0.029905  -0.006382
CRIMEA     0.060300  -0.005320   0.018125   0.024291   0.001725  -0.037375
DSS65A     0.091090  -0.053318  -0.001461  -0.011047  -0.014838  -0.077181
ONSAFLEX   0.089719  -0.035644   0.018865   0.016786  -0.002169  -0.061173
ONSAVDIF   0.089719  -0.035644   0.018865   0.016786  -0.002169  -0.061173
NOTDBBC    0.096368  -0.019452   0.005411   0.001386  -0.013350  -0.061740
NOTOVDIF   0.096368  -0.019452   0.005411   0.001386  -0.013350  -0.061740
HOBADBBC   0.209446  -0.083960   0.004738  -0.043344   0.026368   0.067480
NYALDBBC   0.048479  -0.028359   0.038642   0.033144  -0.012627  -0.062117
DSS34      0.164092  -0.053497   0.004288  -0.045305   0.022507   0.073245
DSS45      0.164051  -0.053497   0.004285  -0.045309   0.022520   0.073240
USUDA64   -0.132270   0.064990  -0.026833  -0.007783   0.054657   0.067708
CHICHI10  -0.152525   0.089416  -0.022939  -0.021967   0.050702   0.073836
VERAISGK  -0.095653   0.075809  -0.019928  -0.012181   0.053045   0.054550
OHIGGADS  -0.078558   0.213172  -0.000354   0.012639  -0.028498  -0.053168
YEBDBBC    0.088838  -0.051651  -0.000567  -0.009951  -0.016150  -0.076314
YEBESDBC   0.088838  -0.051651  -0.000567  -0.009951  -0.016150  -0.076314
ONSALAAN   0.089719  -0.035644   0.018865   0.016786  -0.002169  -0.061173
YEBEDBBC   0.088838  -0.051651  -0.000567  -0.009951  -0.016150  -0.076314
SINTOTU3  -0.149555   0.062560  -0.029368  -0.004809   0.054221   0.069921
UCHINOUR  -0.124267   0.082846  -0.025618  -0.004143   0.054266   0.061671
DSS15     -0.043835  -0.048536  -0.045135  -0.082523  -0.029846  -0.006213
GGAO7108   0.050884  -0.084977  -0.028391  -0.078063  -0.050937  -0.027449
GIFU11    -0.129006   0.066592  -0.026423  -0.006653   0.053689   0.067324
YLOW7296  -0.034043  -0.048760  -0.047690  -0.083586  -0.028034  -0.000301
MIZNAO10  -0.147727   0.068088  -0.028502  -0.007660   0.057478   0.067312
DSS65      0.091092  -0.053319  -0.001461  -0.011048  -0.014837  -0.077182
YEBES      0.088840  -0.051654  -0.000569  -0.009954  -0.016147  -0.076315
TOMAKO11  -0.152823   0.066923  -0.031886  -0.002933   0.055123   0.069158
GIFU3     -0.129023   0.066610  -0.026450  -0.006634   0.053703   0.067312
TSUKU3    -0.141889   0.069673  -0.029056  -0.007898   0.058129   0.065975
TIGOWTZL   0.057114  -0.040251   0.012281   0.010985  -0.007758  -0.061160
DSS26     -0.043845  -0.048666  -0.045122  -0.082522  -0.029874  -0.006279
DSS56      0.091091  -0.053320  -0.001462  -0.011049  -0.014837  -0.077182
CTVASTJ    0.134832  -0.144912  -0.011259  -0.061583  -0.056916  -0.057092
NRAO85_3   0.040561  -0.068733  -0.030825  -0.076589  -0.047732  -0.028823
SANTIA12  -0.016323   0.189976  -0.014670   0.009479  -0.038495  -0.029750
KANOZAN   -0.148876   0.077659  -0.030748  -0.006760   0.057049   0.066898
KOGANEI3  -0.139837   0.069893  -0.029773  -0.006751   0.056782   0.066697
MIURA     -0.147605   0.077390  -0.030797  -0.006360   0.056777   0.066886
SUWON     -0.101645   0.054533  -0.023398   0.005316   0.052986   0.058123
VLA-N8    -0.015558  -0.036050  -0.041133  -0.078616  -0.031765  -0.012009
TATEYAMA  -0.152863   0.082088  -0.030589  -0.006984   0.056607   0.067241
PENTICTN  -0.053106  -0.051364  -0.050233  -0.086726  -0.028942  -0.001423
JILIN     -0.082443   0.021453  -0.021287   0.010732   0.053988   0.054053
SANYA     -0.043719   0.022517  -0.018923  -0.010204   0.046315   0.042134
HRAS_085  -0.005199  -0.032641  -0.038800  -0.075399  -0.033061  -0.014154
CHLBOLTN   0.110948  -0.053451   0.012466  -0.001890  -0.011026  -0.074459
GOLDVENU  -0.043594  -0.048616  -0.045073  -0.082483  -0.029904  -0.006382
MARPOINT   0.049998  -0.083538  -0.028927  -0.077239  -0.050696  -0.027065
JPL_MV1   -0.053343  -0.060259  -0.046521  -0.084776  -0.030745  -0.007154
MON_PEAK  -0.045169  -0.055036  -0.044475  -0.082075  -0.031106  -0.009020
QUINCY    -0.059853  -0.055346  -0.047493  -0.084050  -0.029768  -0.002923
PBLOSSOM  -0.050358  -0.055949  -0.046038  -0.083928  -0.030423  -0.006724
ROBLED32   0.091090  -0.053317  -0.001460  -0.011044  -0.014839  -0.077180
GOLDECHO  -0.043599  -0.048546  -0.045081  -0.082484  -0.029886  -0.006338
MADRID64   0.091094  -0.053317  -0.001460  -0.011042  -0.014839  -0.077179
HATCREEK  -0.062475  -0.056885  -0.047782  -0.084146  -0.029939  -0.002673
PLATTVIL  -0.012371  -0.040608  -0.041984  -0.081093  -0.033046  -0.013674
MOJAVE12  -0.043907  -0.048715  -0.045130  -0.082532  -0.029876  -0.006274
MAMMOTHL  -0.051215  -0.050980  -0.046274  -0.083276  -0.029539  -0.004223
VNDNBERG  -0.073132  -0.081053  -0.047024  -0.084499  -0.030575  -0.004900
FORT_ORD  -0.073844  -0.074487  -0.047853  -0.084893  -0.031640  -0.005475
PRESIDIO  -0.077208  -0.075690  -0.048479  -0.085349  -0.031696  -0.004825
PT_REYES  -0.081798  -0.080068  -0.048918  -0.085770  -0.031576  -0.004151
SANPAULA  -0.058775  -0.065534  -0.047172  -0.085513  -0.030665  -0.006381
PINFLATS  -0.044129  -0.052269  -0.044726  -0.082347  -0.030707  -0.008186
YUMA      -0.034587  -0.045369  -0.043424  -0.080967  -0.030398  -0.008685
BLKBUTTE  -0.040228  -0.048483  -0.044222  -0.081691  -0.030419  -0.008014
PVERDES   -0.060262  -0.071883  -0.046685  -0.085086  -0.031014  -0.007472
RICHMOND   0.050132  -0.091148  -0.031292  -0.064620  -0.046862  -0.031040
DEADMANL  -0.042209  -0.049107  -0.044701  -0.082218  -0.030295  -0.007462
OCOTILLO  -0.041851  -0.051884  -0.044062  -0.081591  -0.030757  -0.008686
FLAGSTAF  -0.026337  -0.039287  -0.042842  -0.080294  -0.030540  -0.009280
ELY       -0.036873  -0.043424  -0.045112  -0.082613  -0.029658  -0.006225
KAUAI     -0.143857  -0.017684  -0.024572  -0.050436   0.010024   0.061319
KWAJAL26  -0.062433   0.039716  -0.010467  -0.041271   0.033326   0.080167
NOME      -0.134765  -0.030859  -0.062612  -0.060913   0.008871   0.060710
SNDPOINT  -0.187858  -0.048325  -0.064316  -0.069786   0.008184   0.060728
KODIAK    -0.154689  -0.058228  -0.066886  -0.078287   0.004057   0.051736
SOURDOGH  -0.092296  -0.042486  -0.062672  -0.080595  -0.005712   0.038627
YAKATAGA  -0.113808  -0.059647  -0.068567  -0.087911  -0.010999   0.033552
WHTHORSE  -0.078741  -0.048363  -0.059951  -0.086391  -0.016783   0.022704
YELLOWKN  -0.034031  -0.048762  -0.047687  -0.083585  -0.028038  -0.000309
VERNAL    -0.023375  -0.040863  -0.043658  -0.082031  -0.031183  -0.010063
SHANGHAI  -0.084755   0.050447  -0.019152  -0.001265   0.057319   0.042364
SEATTLE1  -0.067788  -0.062079  -0.050695  -0.086508  -0.030665  -0.002321
AUSTINTX   0.007175  -0.039920  -0.037113  -0.076504  -0.035929  -0.015874
CARROLGA   0.030661  -0.058060  -0.033196  -0.076722  -0.043849  -0.026776
BERMUDA    0.108997  -0.148512  -0.026562  -0.060681  -0.052411  -0.050798
BLOOMIND   0.024692  -0.054277  -0.034497  -0.077545  -0.042784  -0.026425
LEONRDOK   0.007910  -0.042136  -0.037907  -0.078384  -0.037219  -0.019698
MOJ_7288  -0.043923  -0.048727  -0.045132  -0.082534  -0.029876  -0.006272
OVR_7853  -0.048667  -0.049746  -0.045932  -0.083030  -0.029497  -0.004608
MILESMON  -0.017361  -0.044858  -0.043601  -0.082792  -0.032767  -0.012359
HALEAKAL  -0.126692  -0.018768  -0.023300  -0.049631   0.007537   0.057175
MCD_7850  -0.005375  -0.032681  -0.038837  -0.075446  -0.033037  -0.014130
FTD_7900  -0.005200  -0.032642  -0.038801  -0.075400  -0.033061  -0.014154
FORTORDS  -0.074288  -0.075236  -0.047814  -0.084853  -0.031636  -0.005478
GORF7102   0.050878  -0.084966  -0.028392  -0.078062  -0.050936  -0.027448
HOHENFRG   0.072653  -0.040915   0.008492   0.010755  -0.006164  -0.063244
METSHOVI   0.056856  -0.028222   0.022792   0.030114   0.001258  -0.047236
MARCUS    -0.162171   0.073572  -0.021931  -0.032543   0.044605   0.081114
TROMSONO   0.066979  -0.026983   0.022302   0.029596  -0.001163  -0.054133
CARNUSTY   0.126086  -0.054786   0.012165   0.000101  -0.019755  -0.074967
BREST      0.142289  -0.059667   0.007253  -0.006667  -0.007144  -0.077424
GRASSE     0.091144  -0.038843   0.016844   0.002723  -0.014615  -0.068351
NOBEY_6M  -0.132619   0.065334  -0.027564  -0.007370   0.055032   0.067452
CTVASBAY   0.044469  -0.073141  -0.028056  -0.075662  -0.049148  -0.034375
SEST      -0.013507   0.182620  -0.016111   0.005702  -0.040112  -0.028596
NOTOX      0.096368  -0.019452   0.005411   0.001386  -0.013350  -0.061740
VLBA85_3   0.040561  -0.068733  -0.030825  -0.076589  -0.047732  -0.028823
WIDE85_3   0.040561  -0.068733  -0.030825  -0.076589  -0.047732  -0.028823
TRYSILNO   0.067634  -0.039298   0.019953   0.019701  -0.005745  -0.061166
MIZUSGSI  -0.148511   0.068604  -0.028671  -0.007626   0.057804   0.067087
USSURISK  -0.101893   0.035821  -0.027894   0.010057   0.057541   0.056706
TOULOUSE   0.086964  -0.047092   0.007041  -0.003400  -0.014695  -0.072815
AZORES     0.185718  -0.109557  -0.008265  -0.031624  -0.033666  -0.083171
HOHNBERG   0.061035  -0.040840   0.012547   0.008596  -0.009084  -0.063260
KIRSBERG   0.056484  -0.039563   0.011498   0.013282  -0.006578  -0.059511
KARLBURG   0.076769  -0.035741   0.007757   0.013507  -0.007217  -0.060586
HOFN       0.125331  -0.069858   0.024468  -0.012400  -0.033460  -0.077582
NRAO85_1   0.040599  -0.068781  -0.030816  -0.076590  -0.047746  -0.028822
SINTOTU   -0.149555   0.062560  -0.029368  -0.004809   0.054221   0.069921
VICTORIA  -0.078270  -0.072362  -0.052359  -0.088062  -0.030169  -0.000503
HARTVGS   -0.120239  -0.071332  -0.051916  -0.065916  -0.008194  -0.040072
MATVGOS    0.079867  -0.024396   0.011521   0.007385  -0.009244  -0.058881
