# name          X(m)             Y(m)           Z(m)          VX(m/y)      VY(m/y)       VZ(m/y)    epoch      flag
GRASSE      4581697.4036     556126.1061    4389351.6728     -0.01390      0.01906      0.01100     57023    ITRF2020
BREST       4228877.0993    -333104.3544    4747180.9145     -0.00161     -0.00209      0.00150     57023    ITRF2020
TROMSONO    2102903.6723     721602.9652    5958201.4638     -0.02014      0.02083      0.00773     57023    ITRF2020
NYALES20    1202462.4964     252734.5345    6237766.2293     -0.01452      0.00764      0.01055     57023    ITRF2020
TRYSILNO    2988029.0594     655957.3131    5578669.5358     -0.00648      0.01267      0.02121     57023    ITRF2020
NYALE13S    1201070.6730     252129.3185    6238022.4928     -0.01280      0.00563      0.01021     57023    ITRF2020
NYALE13N    1200992.6442     252098.6612    6238038.9680      0.00000      0.00000      0.00000     57023    R41110
ONSALA60    3370605.7694     711917.7484    5349830.9189     -0.01421      0.01469      0.01034     57023    ITRF2020
ONSA13NE    3370889.2249     711571.2712    5349692.0987     -0.01421      0.01469      0.01034     57023    ITRF2020
ONSA13SW    3370946.7037     711534.5789    5349660.9730     -0.01421      0.01469      0.01034     57023    ITRF2020
METSHOVI    2890652.4418    1310295.5900    5513958.9052     -0.01652      0.01448      0.00998     57023    ITRF2020
METSAHOV    2892584.8179    1311715.6277    5512640.1834     -0.01652      0.01448      0.00998     57023    ITRF2020
CRIMEA      3785230.6851    2551207.6987    4439796.5486     -0.02102      0.01594      0.00964     57023    ITRF2020
BADARY      -838201.1239    3865751.5671    4987670.8866     -0.02705     -0.00023     -0.00384     57023    ITRF2020
BADRT13V    -838326.8009    3865797.2441    4987598.2816     -0.02705     -0.00023     -0.00384     57023    ITRF2020
SVETLOE     2730173.6311    1562442.8201    5529969.1531     -0.01872      0.01344      0.00745     57023    ITRF2020
SVERT13V    2730074.8676    1562230.7831    5530072.7562     -0.01872      0.01344      0.00745     57023    NONE
ZELENCHK    3451207.4931    3060375.4474    4391915.0632     -0.02152      0.01490      0.00880     57023    ITRF2020
ZELRT13V    3451257.1191    3060268.3334    4391933.2242     -0.02152      0.01490      0.00880     57023    NONE
MEDICINA    4461369.6650     919597.1633    4449559.4134     -0.01817      0.01894      0.01136     57023    ITRF2020
NOTO        4934562.8041    1321201.5773    3806484.7657     -0.01773      0.01765      0.01516     57023    ITRF2020
MATERA      4641938.4372    1393003.3616    4133325.8040     -0.01863      0.01913      0.01454     57023    ITRF2020
CHLBOLTN    4008310.2835    -100651.0227    4943794.6497      0.00039      0.00074      0.00052     57023    ITRF2020
CARNUSTY    3526416.4531    -171421.2263    5294098.7852      0.00000      0.00000      0.00000     57023    ITRF2020
DSS65       4849336.5335    -360488.4423    4114749.0664     -0.00870      0.01942      0.01342     57023    ITRF2020
DSS65A      4849339.5356    -360427.4569    4114750.8645     -0.00870      0.01942      0.01342     57023    ITRF2020
YEBES       4848780.1162    -261701.7260    4123035.9651     -0.01002      0.01962      0.01216     57023    ITRF2020
YEBES40M    4848761.7632    -261484.1456    4123085.0320     -0.01002      0.01962      0.01216     57023    ITRF2020
RAEGYEB     4848831.0819    -261629.4904    4122976.5011     -0.01002      0.01962      0.01216     57023    ITRF2020
WETTZELL    4075539.5965     931735.5711    4801629.5465     -0.01598      0.01722      0.00996     57023    ITRF2020
WETTZ13N    4075627.6330     931774.3030    4801552.3836     -0.01598      0.01722      0.00996     57023    ITRF2020
WETTZ13S    4075658.9398     931824.8093    4801516.2517     -0.01598      0.01722      0.00996     57023    ITRF2020
TIGOWTZL    4075572.3923     931755.4292    4801584.5391     -0.01598      0.01722      0.00996     57023    ITRF2020
EFLSBERG    4033947.2977     486990.8298    4900431.0949     -0.01397      0.01699      0.01070     57023    ITRF2020
KIRSBERG    3879830.7710     987963.2392    4948713.3344      0.00263     -0.00007      0.00325     57023    ITRF2020
SESHAN25   -2831687.4595    4675733.4562    3275327.4830     -0.03007     -0.01240     -0.01191     57023    ITRF2020
KUNMING    -1281152.9158    5640864.4145    2682653.4444     -0.03438      0.00469     -0.01228     57023    ITRF2020
URUMQI       228310.1546    4631922.9098    4367064.2107     -0.03218     -0.00171      0.00453     57023    ITRF2020
TIANMA65   -2826708.6660    4679237.0497    3274667.5259     -0.02738     -0.01330     -0.01603     57023    ITRF2020
KASHIMA    -3997892.2825    3276581.3900    3724118.0974     -0.00079      0.00604     -0.00791     57023    ITRF2020
KASHIM34   -3997649.6101    3276690.2195    3724278.6448     -0.00054      0.00703      0.00019     57023    ITRF2020
KASHIM11   -3997506.0225    3276877.8747    3724240.5023     -0.00054      0.00703      0.00019     57023    ITRF2020
MIZUSGSI   -3862411.8189    3105015.0611    4001944.7928      0.00506      0.00077     -0.00687     57023    ITRF2020
MIZNAO10   -3857236.0673    3108803.2868    4003883.0007      0.00506      0.00077     -0.00687     57023    ITRF2020
VERAMZSW   -3857243.8298    3108783.6150    4003899.5208     -0.03203     -0.00542      0.00193     57023    ITRF2020
KOGANEI    -3941937.6317    3368150.7628    3702235.3421     -0.00815      0.00304      0.00671     57023    ITRF2020
UCHINOUR   -3586229.5296    4114103.6594    3290224.6083     -0.02940     -0.01130     -0.01494     57023    ITRF2020
USUDA64    -3855355.5416    3427427.3585    3740971.1701      0.00612     -0.01412     -0.01427     57023    ITRF2020
TSUKUB32   -3957409.1258    3310229.0323    3737494.7166     -0.01077      0.00666     -0.00436     57023    ITRF2020
TSUKU3     -3957184.5135    3310224.8907    3737709.0339     -0.00165      0.00544     -0.00559     57023    ITRF2020
SINTOTU3   -3642142.4148    2861496.6947    4370361.6607     -0.02397      0.02270      0.00638     57023    ITRF2020
CHICHI10   -4490618.0467    3483908.6254    2884899.2980      0.02529      0.02335      0.00800     57023    ITRF2020
MARCUS     -5227446.6497    2551381.2239    2607605.8649      0.00285      0.07898      0.04303     57023    ITRF2020
VERAISGK   -3263995.1846    4808056.3339    2619948.7797     -0.04626      0.00149     -0.04629     57023    ITRF2020
MIURA      -3976129.7036    3377927.8625    3656753.9342      0.01440     -0.00064      0.00433     57023    ITRF2020
TATEYAMA   -4000982.9608    3375275.7308    3632213.3386      0.02720     -0.01313      0.00674     57023    ITRF2020
AIRA       -3530219.7948    4118797.4118    3344015.5923     -0.02628     -0.00985     -0.01334     57023    ITRF2020
GIFU3      -3787518.5299    3564247.2113    3679797.0015     -0.01827      0.00408     -0.01286     57023    ITRF2020
GIFU11     -3787123.6192    3564181.7473    3680274.8568     -0.01827      0.00408     -0.01286     57023    ITRF2020
TOMAKO11   -3680586.3051    2917515.7437    4300987.6277      0.00000      0.00000      0.00000     57023    ITRF2020
ISHIOKA    -3959636.0741    3296825.4852    3747042.6289     -0.02123     -0.00360     -0.00882     57023    ITRF2020
SEJONG     -3110080.0615    4082066.6519    3775076.7879     -0.02836     -0.01166     -0.00805     57023    ITRF2020
HARTRAO     5085442.7626    2668263.8314   -2768696.7151     -0.00102      0.01947      0.01630     57023    ITRF2020
HART15M     5085490.7984    2668161.5286   -2768692.5860     -0.00102      0.01947      0.01630     57023    ITRF2020
RAEGSMAR    4618524.2969   -2166020.7822    3816270.3315     -0.00093      0.01716      0.00386     57023    ITRF2020
CTVASTJ     2612545.3778   -3426878.7840    4686756.2391     -0.01786     -0.00103      0.00835     57023    ITRF2020
ALGOPARK     918034.4565   -4346132.3337    4561971.2334     -0.01604     -0.00366      0.00386     57023    ITRF2020
PENTICTN   -2058840.7729   -3621286.4591    4814420.6218     -0.01525     -0.00048     -0.00653     57023    ITRF2020
WHTHORSE   -2215212.7722   -2209260.1963    5540289.8444      0.03041      0.05393     -0.10131     57023    ITRF2020
YLOW7296   -1224399.9450   -2689273.3428    5633620.2780     -0.02094     -0.00451      0.00031     57023    ITRF2020
VICTORIA   -2341310.3223   -3539083.8682    4745768.2108     -0.01063     -0.00011     -0.00495     57023    ITRF2020
JPL_MV1    -2493307.2080   -4655197.8494    3565520.1399     -0.04737     -0.00817      0.02919     57023    ITRF2020
PVERDES    -2525453.5283   -4670034.9131    3522887.1648     -0.02985      0.02885      0.01476     57023    ITRF2020
PBLOSSOM   -2464071.4825   -4649425.2358    3593905.9629     -0.02366      0.01498      0.00971     57023    ITRF2020
MOJAVE12   -2356171.3486   -4646755.7465    3668470.5518     -0.01545      0.00576     -0.00185     57023    ITRF2020
GOLDVENU   -2351129.4178   -4655476.8229    3660956.7613     -0.01337      0.01011     -0.00593     57023    ITRF2020
DSS15      -2353539.1299   -4641649.3700    3676669.9271     -0.01539      0.00637     -0.00281     57023    ITRF2020
DSS13      -2351112.8515   -4655530.5494    3660912.6848     -0.01431      0.00890     -0.00698     57023    ITRF2020
PRESIDIO   -2707705.3543   -4257608.9967    3888374.4516     -0.02138      0.02172      0.01154     57023    ITRF2020
PINFLATS   -2369636.5342   -4761324.5749    3511116.3761     -0.02486      0.01260      0.00888     57023    ITRF2020
GILCREEK   -2281547.7238   -1453645.1901    5756993.0102     -0.02151     -0.00337     -0.00780     57023    ITRF2020
PT_REYES   -2732333.6308   -4217634.0871    3914491.5423     -0.02219      0.03040      0.01847     57023    ITRF2020
AUSTINTX    -737793.7290   -5459892.2823    3202990.5039      0.00000     -0.00000     -0.00000     57023    ITRF2020
YAKATAGA   -2529744.8357   -1942090.8288    5505028.7771     -0.02392      0.01635      0.03420     57023    ITRF2020
KODIAK     -3026940.7562   -1575911.8616    5370362.7945     -0.02416     -0.00258      0.01212     57023    ITRF2020
VNDNBERG   -2678095.5359   -4525450.0793    3597410.8185     -0.03214      0.02809      0.02519     57023    ITRF2020
NOME       -2658150.9678    -693822.0322    5737236.3603     -0.02117     -0.00412     -0.01116     57023    ITRF2020
SNDPOINT   -3425461.7057   -1214668.8302    5223857.1783      0.00669      0.01210     -0.04195     57023    ITRF2020
KAUAI      -5543846.2178   -2054562.5063    2387814.6839     -0.00907      0.06314      0.03198     57023    ITRF2020
KOKEE      -5543837.7871   -2054566.7241    2387852.5176     -0.00907      0.06314      0.03198     57023    ITRF2020
KOKEE12M   -5543831.7112   -2054585.9426    2387828.7949     -0.00907      0.06314      0.03198     57023    ITRF2020
SOURDOGH   -2419994.0826   -1664228.3513    5643537.4175     -0.02467      0.01596     -0.03336     57023    ITRF2020
FORT_ORD   -2697027.6869   -4354392.7821    3788078.5747     -0.03648      0.02068      0.03535     57023    ITRF2020
FORTORDS   -2699841.1468   -4359126.5267    3781051.9475     -0.03648      0.02068      0.03535     57023    ITRF2020
SANPAULA   -2554478.0498   -4608627.7627    3582139.4376     -0.05476     -0.01516      0.04343     57023    ITRF2020
BLKBUTTE   -2306307.3883   -4787914.3389    3515736.1918     -0.01903      0.00345     -0.00827     57023    ITRF2020
DEADMANL   -2336821.3374   -4732589.1587    3570331.4811     -0.06480     -0.08068      0.05513     57023    ITRF2020
ELY        -2077236.6079   -4486712.4508    4018753.3125     -0.01339      0.01047     -0.01655     57023    ITRF2020
QUINCY     -2517231.4652   -4198595.1726    4076531.2742     -0.02425      0.00168      0.00034     57023    ITRF2020
MAMMOTHL   -2448247.0647   -4426737.7759    3875435.5455     -0.01441      0.01939     -0.01167     57023    ITRF2020
OVRO_130   -2409601.1838   -4478349.4042    3838603.1360     -0.01819      0.00680     -0.00379     57023    ITRF2020
OV-VLBA    -2409150.4363   -4478573.1029    3838617.3264     -0.01819      0.00680     -0.00379     57023    ITRF2020
HAYSTACK    1492404.4509   -4457266.5370    4296881.8345     -0.01556     -0.00112      0.00391     57023    ITRF2020
WESTFORD    1492206.3102   -4458130.5340    4296015.6068     -0.01556     -0.00112      0.00391     57023    ITRF2020
NRAO_140     882879.6305   -4924482.3298    3944130.7373     -0.01437     -0.00101      0.00270     57023    ITRF2020
NRAO85_3     882325.3038   -4925138.0114    3943397.7304     -0.01437     -0.00101      0.00270     57023    ITRF2020
NRAO85_1     883555.2927   -4924490.9080    3943962.0135     -0.01437     -0.00101      0.00270     57023    ITRF2020
NRAO20       883772.4899   -4924385.6113    3944042.5407     -0.01437     -0.00101      0.00270     57023    ITRF2020
HRAS_085   -1324211.2205   -5332023.1242    3232118.2623     -0.01255      0.00070     -0.00485     57023    ITRF2020
FTD_7900   -1324228.2100   -5332063.0410    3232022.9295     -0.01255      0.00070     -0.00485     57023    ITRF2020
FD-VLBA    -1324009.3502   -5332181.9482    3231962.3802     -0.01255      0.00070     -0.00485     57023    ITRF2020
MACGO12M   -1330788.4000   -5328106.5681    3236427.5138     -0.01255      0.00070     -0.00485     57023    ITRF2020
OCOTILLO   -2335601.0059   -4832244.2602    3434392.5610      0.00000     -0.00000     -0.00000     57023    ITRF2020
GORF7102    1130686.2398   -4831353.0299    3994110.9747     -0.01504      0.00017      0.00228     57023    ITRF2020
GGAO7108    1130794.2658   -4831232.9019    3994216.2808     -0.01504      0.00017      0.00228     57023    ITRF2020
GGAO12M     1130729.9531   -4831245.9510    3994228.2748     -0.01504      0.00017      0.00228     57023    ITRF2020
BLOOMIND     302384.1139   -4941699.0351    4007908.4713     -0.01480      0.00126     -0.00014     57023    ITRF2020
CARROLGA     453520.6988   -5300506.7848    3507207.4523      0.00000     -0.00000     -0.00000     57023    ITRF2020
LEONRDOK    -522231.5083   -5145676.8878    3720152.3748     -0.00000      0.00000      0.00000     57023    ITRF2020
MILESMON   -1204438.9435   -4239211.0963    4596266.0571      0.00000     -0.00000     -0.00000     57023    ITRF2020
PIETOWN    -1640953.9654   -5014816.0197    3575411.7754     -0.01405      0.00023     -0.00526     57023    ITRF2020
SEATTLE1   -2295347.9299   -3638029.4424    4693408.6302      0.00006     -0.00011      0.00002     57023    ITRF2020
LA-VLBA    -1449752.6110   -4975298.5705    3709123.8302     -0.01414      0.00073     -0.00507     57023    ITRF2020
NL-VLBA     -130872.5284   -4762317.0890    4226850.9946     -0.01528      0.00143     -0.00227     57023    ITRF2020
KP-VLBA    -1995678.8648   -5037317.6922    3357328.0063     -0.01344      0.00083     -0.00655     57023    ITRF2020
HN-VLBA     1446374.8347   -4447939.6797    4322306.1904     -0.01554     -0.00161      0.00422     57023    ITRF2020
BR-VLBA    -2112065.2346   -3705356.5065    4726813.6594     -0.01449      0.00049     -0.00760     57023    ITRF2020
MK-VLBA    -5464075.2010   -2495247.9843    2148297.4114     -0.01460      0.06236      0.03299     57023    ITRF2020
HATCREEK   -2523970.3960   -4123506.2371    4147752.4798     -0.01957      0.00507     -0.00426     57023    ITRF2020
MARPOINT    1106629.0327   -4882907.1851    3938086.9797     -0.01503      0.00027      0.00081     57023    ITRF2020
FLAGSTAF   -1923993.0815   -4850854.7319    3658589.2446     -0.01776     -0.00764     -0.00209     57023    ITRF2020
VERNAL     -1631473.5951   -4589129.0311    4106759.7311     -0.01362     -0.00431     -0.00542     57023    ITRF2020
YUMA       -2196778.1958   -4887336.9688    3448425.0097     -0.01285      0.00351     -0.00844     57023    ITRF2020
PLATTVIL   -1240708.4856   -4720454.3721    4094481.5119     -0.01560     -0.00045     -0.00541     57023    ITRF2020
MON_PEAK   -2386290.3226   -4802345.9328    3444884.3952     -0.03680      0.02397      0.01560     57023    ITRF2020
VLA-N8     -1601147.7268   -5041733.5039    3555235.7662     -0.00000      0.00000      0.00000     57023    ITRF2020
RICHMOND     961257.8687   -5674090.0339    2740533.8331     -0.01016      0.00051      0.00183     57023    ITRF2020
MIAMI20      961255.1493   -5674092.5896    2740533.8287     -0.01016      0.00051      0.00183     57023    ITRF2020
AGGO        2765116.6743   -4449233.7435   -3626420.5964      0.00212     -0.00804      0.00822     57023    ITRF2020
FORTLEZA    4985369.9986   -3955020.3933    -428472.0594     -0.00235     -0.00369      0.01239     57023    ITRF2020
SANTIA12    1769693.5349   -5044504.6427   -3468434.7525      0.02313     -0.00571      0.01175     57023    ITRF2020
SEST        1838237.8440   -5258699.2549   -3100588.8965     -0.00254      0.00044     -0.00210     57023    ITRF2020
TIGOCONC    1492051.5202   -4887961.4721   -3803541.6274      0.02357      0.00371      0.02197     57023    ITRF2020
#TIGOCONC    1492054.6028   -4887961.0284   -3803541.1573      0.03593     -0.00201      0.01678     57023    ITRF2020
BERMUDA     2307209.5340   -4874215.8322    3394317.8845     -0.00090     -0.00055     -0.00028     57023    ITRF2020
SC-VLBA     2607848.6564   -5488069.5232    1932739.7601      0.00754      0.00913      0.01242     57023    ITRF2020
TIDBIN64   -4460895.3197    2682361.5230   -3674747.4932     -0.03610      0.00036      0.04569     57023    ITRF2020
DSS45      -4460936.0514    2682765.7139   -3674380.3667     -0.03610      0.00036      0.04569     57023    ITRF2020
YARRA12M   -2388896.2302    5043350.0138   -3078590.7566     -0.04652      0.00826      0.05061     57023    ITRF2020
PARKES     -4554232.6305    2816758.9102   -3454034.9788     -0.03705     -0.00099      0.04560     57023    ITRF2020
HOBART26   -3950237.4373    2522347.6985   -4311561.7990     -0.03880      0.00788      0.04101     57023    ITRF2020
HOBART12   -3949990.8585    2522421.2213   -4311707.9437     -0.03880      0.00788      0.04101     57023    ITRF2020
WARK12M    -5115324.4728     477843.2913   -3767192.7669     -0.02211     -0.00295      0.03391     57023    ITRF2020
KWAJAL26   -6143535.8166    1363999.1178    1034708.1005      0.02499      0.07191      0.02471     57023    ITRF2020
KATH12M    -4147354.7208    4581542.3693   -1573303.1055     -0.03552     -0.01415      0.05639     57023    ITRF2020
SYOWA       1766194.2119    1460410.9106   -5932273.3282      0.00456     -0.00081     -0.00008     57023    ITRF2020
OHIGGINS    1525833.3436   -2432463.6854   -5676174.4861      0.01794     -0.00124      0.00037     57023    ITRF2020
JILIN12    -2730771.8303    3713280.1453    4394196.3111     -0.02537     -0.00730     -0.00960     58946    NTSC
KASHI12     1190830.2840    4786201.4639    4032514.4494     -0.03343     -0.00475      0.01307     59366    NTSC
