DATA IN NGS FORMAT FROM DATABASE 18JUL17XU_V004
Observed delays and rates in card #2, modified errors in card #9
KOKEE      -5543837.77300 -2054566.84900  2387852.45800 AZEL    .51820
WETTZELL    4075539.63200   931735.53700  4801629.52900 AZEL    .00000
$END
2229+695  22 30    36.469705  69 46    28.076900
OJ287      8 54    48.874927  20  6    30.640890
0529+483   5 33    15.865783  48 22    52.807660
0805+410   8  8    56.652039  40 52    44.888860
0716+714   7 21    53.448463  71 20    36.363430
2214+350  22 16    20.009902  35 18    14.180020
2356+385  23 59    33.180797  38 50    42.318290
1053+815  10 58    11.535380  81 14    32.675180
1803+784  18  0    45.683916  78 28     4.018450
0059+581   1  2    45.762382  58 24    11.136600
0613+570   6 17    16.922558  57  1    16.423250
0920+390   9 23    14.452931  38 49    39.910140
$END
  .8220990000000D+04           GR PH
$END
KOKEE     WETTZELL  2229+695 2018 07 17 18 30  47.0000000000                 101
   -4119514.55242543    .08216  -805060.4475804265    .09505 0      I        102
    .00014    .00000    .00000    .00000  -4.170392022711687        0.       103
       .00   .0       .00   .0       .00   .0       .00   .0                 104
   -.00414    .01665    .00000    .00000    .00000    .00000                 105
    18.700    22.100   890.500   943.526    87.278    49.139 0 0             106
         .8558644642    .03456         .0174720372    .01101  0              108
   -4119514.55242543    .09872  -805060.4475804265    .13796 0      I        109
KOKEE     WETTZELL  OJ287    2018 07 17 18 34  27.0000000000                 201
    1319965.42701509    .00393  2282328.6666030760    .00227 0      I        202
    .00214    .00000    .00000    .00000   3.945939474459264        0.       203
       .00   .0       .00   .0       .00   .0       .00   .0                 204
   -.00359   -.03000    .00000    .00000    .00000    .00000                 205
    18.661    22.100   890.539   943.600    87.500    48.245 0 0             206
         .8815388254    .00443         .0940308792    .00154  0              208
    1319965.42701509    .05486  2282328.6666030760    .10003 0      I        209
KOKEE     WETTZELL  0529+483 2018 07 17 18 37  25.0000000000                 301
   12994493.53936927    .02027   850614.2032029436    .02996 0      I        302
    .00067    .00000    .00000    .00000   4.742199340362601        0.       303
       .00   .0       .00   .0       .00   .0       .00   .0                 304
   -.00452   -.00770    .00000    .00000    .00000    .00000                 305
    18.600    22.069   890.600   943.631    87.572    48.092 0 0             306
        1.1085980356    .01571         .0131208083    .01297  0              308
   12994493.53936927    .05836   850614.2032029436    .10439 0      I        309
KOKEE     WETTZELL  0805+410 2018 07 17 18 39  54.0000000000                 401
    3519687.35317938    .01074  1739671.3646471860    .00793 0      I        402
    .00089    .00000    .00000    .00000   3.712827924238558        0.       403
       .00   .0       .00   .0       .00   .0       .00   .0                 404
   -.00249   -.00989    .00000    .00000    .00000    .00000                 405
    18.600    22.000   890.600   943.700    87.844    48.189 0 0             406
         .9286942745    .01114         .0134929249    .00491  0              408
    3519687.35317938    .05576  1739671.3646471860    .10031 0      I        409
KOKEE     WETTZELL  0716+714 2018 07 17 18 42  20.0000000000                 501
   -1861075.33196644    .01405   663027.0829228069    .02991 0      I        502
    .00116    .00000    .00000    .00000   -.720351985089890        0.       503
       .00   .0       .00   .0       .00   .0       .00   .0                 504
   -.00359   -.00707    .00000    .00000    .00000    .00000                 505
    18.581    22.020   890.600   943.700    88.100    47.900 0 0             506
         .9122971631    .01427        -.0265421647    .01804  0              508
   -1861075.33196644    .05650   663027.0829228069    .10438 0      I        509
KOKEE     WETTZELL  2214+350 2018 07 17 18 45  35.0000000000                 601
     140431.84907064    .09075 -1966149.8543401210    .04829 2      I        602
    .00009    .00000    .00000    .00000   5.999394600362998        0.       603
       .00   .0       .00   .0       .00   .0       .00   .0                 604
   -.00397    .00820    .00000    .00000    .00000    .00000                 605
    18.459    22.058   890.600   943.700    88.183    47.625 0 0             606
         .7742007227    .04128         .0931399701    .00775  0              608
     140431.84907064    .10597 -1966149.8543401210    .11105 2      I        609
KOKEE     WETTZELL  2356+385 2018 07 17 18 49  33.0000000000                 701
    9904579.14215750    .11362 -1561842.7887770400    .06046 2      I        702
    .00008    .00000    .00000    .00000   5.873378078638194        0.       703
       .00   .0       .00   .0       .00   .0       .00   .0                 704
   -.00562    .00651    .00000    .00000    .00000    .00000                 705
    18.400    21.925   890.600   943.738    88.449    47.800 0 0             706
        -.7196875987    .04875        1.3377746200    .00770  0              708
    9904579.14215750    .12611 -1561842.7887770400    .11686 2      I        709
KOKEE     WETTZELL  1053+815 2018 07 17 18 53  57.0000000000                 801
   -9612298.57337313    .01548   357216.6052561315    .00824 0      I        802
    .00052    .00000    .00000    .00000  -2.475605307149318        0.       803
       .00   .0       .00   .0       .00   .0       .00   .0                 804
   -.00339    .00473    .00000    .00000    .00000    .00000                 805
    18.400    21.800   890.600   943.800    88.783    47.968 0 0             806
         .8071928124    .00902        -.0157687557    .00233  0              808
   -9612298.57337313    .05687   357216.6052561315    .10034 0      I        809
KOKEE     WETTZELL  1803+784 2018 07 17 18 56  33.0000000000                 901
  -13522962.74912065    .01518  -266811.9910751827    .04251 0      I        902
    .00122    .00000    .00000    .00000  -2.688276563371448        0.       903
       .00   .0       .00   .0       .00   .0       .00   .0                 904
   -.00194    .00961    .00000    .00000    .00000    .00000                 905
    18.400    21.800   890.600   943.800    88.900    48.200 0 0             906
         .7525795482    .01011         .0082180704    .01490  0              908
  -13522962.74912065    .05679  -266811.9910751827    .10866 0      I        909
KOKEE     WETTZELL  0059+581 2018 07 17 18 57  58.0000000000                1001
    6318347.28987862    .01072  -845160.1413410213    .02592 0      I       1002
    .00160    .00000    .00000    .00000  -2.693065992275847        0.      1003
       .00   .0       .00   .0       .00   .0       .00   .0                1004
   -.00284    .00725    .00000    .00000    .00000    .00000                1005
    18.400    21.775   890.600   943.800    88.852    48.225 0 0            1006
         .9553161724    .00903         .0363977675    .01248  0             1008
    6318347.28987862    .05576  -845160.1413410213    .10330 0      I       1009
KOKEE     WETTZELL  2214+350 2018 07 17 19 00  44.0000000000                1101
   -1656048.78441893    .06397 -1985055.3111578710    .03404 0      I       1102
    .00013    .00000    .00000    .00000  -3.971706623270217        0.      1103
       .00   .0       .00   .0       .00   .0       .00   .0                1104
   -.00339    .00741    .00000    .00000    .00000    .00000                1105
    18.436    21.664   890.600   943.800    88.339    48.627 0 0            1106
         .6769544911    .03188         .0887264618    .00704  0             1108
   -1656048.78441893    .08418 -1985055.3111578710    .10564 0      I       1109
KOKEE     WETTZELL  0613+570 2018 07 17 19 04  47.0000000000                1201
    8097149.11141044    .01780   778544.2640934135    .01353 0      I       1202
    .00054    .00000    .00000    .00000   1.499005626447685        0.      1203
       .00   .0       .00   .0       .00   .0       .00   .0                1204
   -.00047    .00161    .00000    .00000    .00000    .00000                1205
    18.537    21.562   890.600   943.838    87.328    49.350 0 0            1206
         .9741750285    .01318         .0114537980    .00551  0             1208
    8097149.11141044    .05755   778544.2640934135    .10091 0      I       1209
KOKEE     WETTZELL  0920+390 2018 07 17 19 08  21.0000000000                1301
   -1034875.15691203    .02816  1888199.8828300200    .01499 0      I       1302
    .00029    .00000    .00000    .00000  -3.341554506141738        0.      1303
       .00   .0       .00   .0       .00   .0       .00   .0                1304
    .00586   -.01656    .00000    .00000    .00000    .00000                1305
    18.697    21.386   890.503   943.900    86.312    49.979 0 0            1306
         .8392591339    .02170         .0111694850    .00644  0             1308
   -1034875.15691203    .06154  1888199.8828300200    .10112 0      I       1309
KOKEE     WETTZELL  1803+784 2018 07 17 19 11  22.0000000000                1401
  -13748167.57464495    .01374  -239656.2110109633    .03656 0      I       1402
    .00133    .00000    .00000    .00000   2.312971385700359        0.      1403
       .00   .0       .00   .0       .00   .0       .00   .0                1404
    .00656   -.00116    .00000    .00000    .00000    .00000                1405
    18.821    21.200   890.500   943.900    85.558    50.600 0 0            1406
         .7608510945    .00953        -.0147063544    .01360  0             1408
  -13748167.57464495    .05642  -239656.2110109633    .10647 0      I       1409
KOKEE     WETTZELL  0529+483 2018 07 17 19 13   8.0000000000                1501
   14578203.88688377    .01952   624408.4489158903    .02807 0      I       1502
    .00068    .00000    .00000    .00000   4.674006970122250        0.      1503
       .00   .0       .00   .0       .00   .0       .00   .0                1504
    .00676    .00127    .00000    .00000    .00000    .00000                1505
    18.924    21.225   890.500   943.900    85.206    50.600 0 0            1506
        1.0462662939    .01544         .0240099297    .01248  0             1508
   14578203.88688377    .05810   624408.4489158903    .10387 0      I       1509
KOKEE     WETTZELL  2214+350 2018 07 17 19 16  37.0000000000                1601
   -3553554.08558182    .06130 -1995514.4612049800    .03262 0      I       1602
    .00013    .00000    .00000    .00000   -.388301769975326        0.      1603
       .00   .0       .00   .0       .00   .0       .00   .0                1604
    .00601    .00782    .00000    .00000    .00000    .00000                1605
    19.036    21.300   890.500   943.900    84.455    50.600 0 0            1606
         .6196550204    .03014         .0423579254    .00653  0             1608
   -3553554.08558182    .08217 -1995514.4612049800    .10519 0      I       1609
KOKEE     WETTZELL  0613+570 2018 07 17 19 20  38.0000000000                1701
    8801247.31132163    .01745   701615.3102595928    .01326 0      I       1702
    .00055    .00000    .00000    .00000   3.928252889027830        0.      1703
       .00   .0       .00   .0       .00   .0       .00   .0                1704
    .00751    .00362    .00000    .00000    .00000    .00000                1705
    19.137    21.337   890.463   943.937    84.015    50.600 0 0            1706
         .9534015096    .01414        -.0250671110    .00608  0             1708
    8801247.31132163    .05744   701615.3102595928    .10088 0      I       1709
KOKEE     WETTZELL  0805+410 2018 07 17 19 23  51.0000000000                1801
    7917020.65723035    .01057  1585148.4496413950    .00721 0      I       1802
    .00087    .00000    .00000    .00000   1.602256248752003        0.      1803
       .00   .0       .00   .0       .00   .0       .00   .0                1804
    .00863   -.00323    .00000    .00000    .00000    .00000                1805
    19.238    21.400   890.438   944.000    83.624    50.638 0 0            1806
         .9684370301    .01198        -.0291392132    .00493  0             1808
    7917020.65723035    .05573  1585148.4496413950    .10026 0      I       1809
KOKEE     WETTZELL  0529+483 2018 07 17 19 26  32.0000000000                1901
   15044542.73770891    .01895   535306.1598803930    .02653 0      I       1902
    .00070    .00000    .00000    .00000    .284421343362719        0.      1903
       .00   .0       .00   .0       .00   .0       .00   .0                1904
    .00586   -.00339    .00000    .00000    .00000    .00000                1905
    19.300    21.400   890.472   944.000    83.389    50.700 0 0            1906
        1.0442829601    .01543        -.0228938132    .01225  0             1908
   15044542.73770891    .05791   535306.1598803930    .10346 0      I       1909
KOKEE     WETTZELL  2229+695 2018 07 17 19 28  49.0000000000                2001
   -7003132.01096949    .08817  -842331.0085832825    .09983 0      I       2002
    .00013    .00000    .00000    .00000  -2.801416967541830        0.      2003
       .00   .0       .00   .0       .00   .0       .00   .0                2004
    .00586    .00432    .00000    .00000    .00000    .00000                2005
    19.319    21.400   890.400   944.000    83.081    50.700 0 0            2006
         .7806208533    .03707         .0110477849    .01163  0             2008
   -7003132.01096949    .10377  -842331.0085832825    .14130 0      I       2009
