DATA IN NGS FORMAT FROM DATABASE 24DEC23XA_V004
Observed delays and rates in card #2
JILIN12    -2730771.75700  3713280.21000  4394196.34100 AZEL    .00000
KASHI12     1190830.46200  4786201.48500  4032514.38000 AZEL    .00000
$END
NRAO150   03 59    29.747260  50 57    50.161500
0642+449  06 46    32.026000  44 51    16.590100
0202+319  02 05    04.925360  32 12    30.095400
0059+581  01 02    45.762380  58 24    11.136600
0420-014  04 23    15.800730 -01 20    33.065400
0544+273  05 47    34.148920  27 21    56.842500
0602+673  06 07    52.671610  67 20    55.410000
0814+425  08 18    15.999610  42 22    45.414900
0119+115  01 21    41.595040  11 49    50.413100
0016+731  00 19    45.786420  73 27    30.017400
0748+126  07 50    52.045740  12 31    04.828100
0955+476  09 58    19.671640  47 25    07.842400
0552+398  05 55    30.805610  39 48    49.164900
0309+411  03 13    01.962120  41 20    01.183500
0403-132  04 05    34.003390 -13 08    13.690700
0109+224  01 12    05.824720  22 44    38.786300
0133+476  01 36    58.594810  47 51    29.100000
0235+164  02 38    38.930100  16 36    59.274500
0446+112  04 49    07.671100  11 21    28.596400
0458-020  05 01    12.809880 -01 59    14.256200
0119+041  01 21    56.861700  04 22    24.734300
CTA26     03 39    30.937790 -01 46    35.804100
0613+570  06 17    16.922560  57 01    16.423300
1039+811  10 44    23.062550  80 54    39.443000
0454-234  04 57    03.179230 -23 24    52.020100
0221+067  02 24    28.428200  06 59    23.341500
0736+017  07 39    18.033900  01 37    04.617800
0805+410  08 08    56.652040  40 52    44.888800
0229+131  02 31    45.894050  13 22    54.716200
0606-223  06 08    59.686840 -22 20    20.956600
OJ287     08 54    48.874930  20 06    30.640800
0648-165  06 50    24.581860 -16 37    39.725100
0808+019  08 11    26.707310  01 46    52.220200
0727-115  07 30    19.112470 -11 41    12.600500
3C371     18 06    50.680650  69 49    28.108500
0700-197  07 02    42.900670 -19 51    22.035300
0823+033  08 25    50.338350  03 09    24.520000
1803+784  18 00    45.683920  78 28    04.018400
$END
  .4620000000000D+04           GR PH
$END
JILIN12   KASHI12   NRAO150  2024 12 23 14 57  31.0000000000                 101
     644243.95328664   0.00000        0.0000000000   0.00000 0      I        102
   0.00000   0.00000   0.00000   0.00000   0.000000000000000        0.       103
      0.00  0.0      0.00  0.0      0.00  0.0      0.00  0.0                 104
  -0.00000  -0.00000   0.00000   0.00000   0.00000   0.00000                 105
     0.000     0.000     0.000     0.000     0.000     0.000 0 0             106
        0.0000000000   0.00000        0.0000000000   0.00000  0              108
JILIN12   KASHI12   0642+449 2024 12 23 15 00  20.0000000000                 201
    6912395.99122965   0.00000        0.0000000000   0.00000 0      I        202
   0.00000   0.00000   0.00000   0.00000   0.000000000000000        0.       203
      0.00  0.0      0.00  0.0      0.00  0.0      0.00  0.0                 204
  -0.00000  -0.00000   0.00000   0.00000   0.00000   0.00000                 205
     0.000     0.000     0.000     0.000     0.000     0.000 0 0             206
        0.0000000000   0.00000        0.0000000000   0.00000  0              208
JILIN12   KASHI12   0202+319 2024 12 23 15 03  22.0000000000                 301
   -5453056.29125317   0.00000        0.0000000000   0.00000 0      I        302
   0.00000   0.00000   0.00000   0.00000   0.000000000000000        0.       303
      0.00  0.0      0.00  0.0      0.00  0.0      0.00  0.0                 304
  -0.00000  -0.00000   0.00000   0.00000   0.00000   0.00000                 305
     0.000     0.000     0.000     0.000     0.000     0.000 0 0             306
        0.0000000000   0.00000        0.0000000000   0.00000  0              308
JILIN12   KASHI12   0059+581 2024 12 23 15 04  30.0000000000                 401
   -4230719.99460149   0.00000        0.0000000000   0.00000 0      I        402
   0.00000   0.00000   0.00000   0.00000   0.000000000000000        0.       403
      0.00  0.0      0.00  0.0      0.00  0.0      0.00  0.0                 404
  -0.00000  -0.00000   0.00000   0.00000   0.00000   0.00000                 405
     0.000     0.000     0.000     0.000     0.000     0.000 0 0             406
        0.0000000000   0.00000        0.0000000000   0.00000  0              408
JILIN12   KASHI12   0420-014 2024 12 23 15 05  46.0000000000                 501
     386160.37216460   0.00000        0.0000000000   0.00000 0      I        502
   0.00000   0.00000   0.00000   0.00000   0.000000000000000        0.       503
      0.00  0.0      0.00  0.0      0.00  0.0      0.00  0.0                 504
  -0.00000  -0.00000   0.00000   0.00000   0.00000   0.00000                 505
     0.000     0.000     0.000     0.000     0.000     0.000 0 0             506
        0.0000000000   0.00000        0.0000000000   0.00000  0              508
JILIN12   KASHI12   NRAO150  2024 12 23 15 06  50.0000000000                 601
     297172.50989420   0.00000        0.0000000000   0.00000 0      I        602
   0.00000   0.00000   0.00000   0.00000   0.000000000000000        0.       603
      0.00  0.0      0.00  0.0      0.00  0.0      0.00  0.0                 604
  -0.00000  -0.00000   0.00000   0.00000   0.00000   0.00000                 605
     0.000     0.000     0.000     0.000     0.000     0.000 0 0             606
        0.0000000000   0.00000        0.0000000000   0.00000  0              608
JILIN12   KASHI12   0544+273 2024 12 23 15 08  05.0000000000                 701
    5128059.05570437   0.00000        0.0000000000   0.00000 0      I        702
   0.00000   0.00000   0.00000   0.00000   0.000000000000000        0.       703
      0.00  0.0      0.00  0.0      0.00  0.0      0.00  0.0                 704
  -0.00000  -0.00000   0.00000   0.00000   0.00000   0.00000                 705
     0.000     0.000     0.000     0.000     0.000     0.000 0 0             706
        0.0000000000   0.00000        0.0000000000   0.00000  0              708
JILIN12   KASHI12   0602+673 2024 12 23 15 09  31.0000000000                 801
    3509632.38981656   0.00000        0.0000000000   0.00000 0      I        802
   0.00000   0.00000   0.00000   0.00000   0.000000000000000        0.       803
      0.00  0.0      0.00  0.0      0.00  0.0      0.00  0.0                 804
  -0.00000  -0.00000   0.00000   0.00000   0.00000   0.00000                 805
     0.000     0.000     0.000     0.000     0.000     0.000 0 0             806
        0.0000000000   0.00000        0.0000000000   0.00000  0              808
JILIN12   KASHI12   0814+425 2024 12 23 15 10  40.0000000000                 901
    9443914.10300044   0.00000        0.0000000000   0.00000 0      I        902
   0.00000   0.00000   0.00000   0.00000   0.000000000000000        0.       903
      0.00  0.0      0.00  0.0      0.00  0.0      0.00  0.0                 904
  -0.00000  -0.00000   0.00000   0.00000   0.00000   0.00000                 905
     0.000     0.000     0.000     0.000     0.000     0.000 0 0             906
        0.0000000000   0.00000        0.0000000000   0.00000  0              908
JILIN12   KASHI12   0119+115 2024 12 23 15 11  57.0000000000                1001
   -9161872.37608563   0.00000        0.0000000000   0.00000 0      I       1002
   0.00000   0.00000   0.00000   0.00000   0.000000000000000        0.      1003
      0.00  0.0      0.00  0.0      0.00  0.0      0.00  0.0                1004
  -0.00000  -0.00000   0.00000   0.00000   0.00000   0.00000                1005
     0.000     0.000     0.000     0.000     0.000     0.000 0 0            1006
        0.0000000000   0.00000        0.0000000000   0.00000  0             1008
JILIN12   KASHI12   0016+731 2024 12 23 15 14  32.0000000000                1101
   -2200581.06870269   0.00000        0.0000000000   0.00000 0      I       1102
   0.00000   0.00000   0.00000   0.00000   0.000000000000000        0.      1103
      0.00  0.0      0.00  0.0      0.00  0.0      0.00  0.0                1104
  -0.00000  -0.00000   0.00000   0.00000   0.00000   0.00000                1105
     0.000     0.000     0.000     0.000     0.000     0.000 0 0            1106
        0.0000000000   0.00000        0.0000000000   0.00000  0             1108
JILIN12   KASHI12   0748+126 2024 12 23 15 15  58.0000000000                1201
   10569227.85012389   0.00000        0.0000000000   0.00000 0      I       1202
   0.00000   0.00000   0.00000   0.00000   0.000000000000000        0.      1203
      0.00  0.0      0.00  0.0      0.00  0.0      0.00  0.0                1204
  -0.00000  -0.00000   0.00000   0.00000   0.00000   0.00000                1205
     0.000     0.000     0.000     0.000     0.000     0.000 0 0            1206
        0.0000000000   0.00000        0.0000000000   0.00000  0             1208
JILIN12   KASHI12   0955+476 2024 12 23 15 16  58.0000000000                1301
   10011471.06836525   0.00000        0.0000000000   0.00000 0      I       1302
   0.00000   0.00000   0.00000   0.00000   0.000000000000000        0.      1303
      0.00  0.0      0.00  0.0      0.00  0.0      0.00  0.0                1304
  -0.00000  -0.00000   0.00000   0.00000   0.00000   0.00000                1305
     0.000     0.000     0.000     0.000     0.000     0.000 0 0            1306
        0.0000000000   0.00000        0.0000000000   0.00000  0             1308
JILIN12   KASHI12   0552+398 2024 12 23 15 18  03.0000000000                1401
    4649462.09788093   0.00000        0.0000000000   0.00000 0      I       1402
   0.00000   0.00000   0.00000   0.00000   0.000000000000000        0.      1403
      0.00  0.0      0.00  0.0      0.00  0.0      0.00  0.0                1404
  -0.00000  -0.00000   0.00000   0.00000   0.00000   0.00000                1405
     0.000     0.000     0.000     0.000     0.000     0.000 0 0            1406
        0.0000000000   0.00000        0.0000000000   0.00000  0             1408
JILIN12   KASHI12   0309+411 2024 12 23 15 19  08.0000000000                1501
   -2523617.69316706   0.00000        0.0000000000   0.00000 0      I       1502
   0.00000   0.00000   0.00000   0.00000   0.000000000000000        0.      1503
      0.00  0.0      0.00  0.0      0.00  0.0      0.00  0.0                1504
  -0.00000  -0.00000   0.00000   0.00000   0.00000   0.00000                1505
     0.000     0.000     0.000     0.000     0.000     0.000 0 0            1506
        0.0000000000   0.00000        0.0000000000   0.00000  0             1508
JILIN12   KASHI12   0403-132 2024 12 23 15 20  16.0000000000                1601
   -1731192.05181672   0.00000        0.0000000000   0.00000 0      I       1602
   0.00000   0.00000   0.00000   0.00000   0.000000000000000        0.      1603
      0.00  0.0      0.00  0.0      0.00  0.0      0.00  0.0                1604
  -0.00000  -0.00000   0.00000   0.00000   0.00000   0.00000                1605
     0.000     0.000     0.000     0.000     0.000     0.000 0 0            1606
        0.0000000000   0.00000        0.0000000000   0.00000  0             1608
JILIN12   KASHI12   0109+224 2024 12 23 15 21  25.0000000000                1701
   -9095815.69442520   0.00000        0.0000000000   0.00000 0      I       1702
   0.00000   0.00000   0.00000   0.00000   0.000000000000000        0.      1703
      0.00  0.0      0.00  0.0      0.00  0.0      0.00  0.0                1704
  -0.00000  -0.00000   0.00000   0.00000   0.00000   0.00000                1705
     0.000     0.000     0.000     0.000     0.000     0.000 0 0            1706
        0.0000000000   0.00000        0.0000000000   0.00000  0             1708
JILIN12   KASHI12   0133+476 2024 12 23 15 22  27.0000000000                1801
   -5402401.22215417   0.00000        0.0000000000   0.00000 0      I       1802
   0.00000   0.00000   0.00000   0.00000   0.000000000000000        0.      1803
      0.00  0.0      0.00  0.0      0.00  0.0      0.00  0.0                1804
  -0.00000  -0.00000   0.00000   0.00000   0.00000   0.00000                1805
     0.000     0.000     0.000     0.000     0.000     0.000 0 0            1806
        0.0000000000   0.00000        0.0000000000   0.00000  0             1808
JILIN12   KASHI12   0235+164 2024 12 23 15 23  39.0000000000                1901
   -5922308.99062735   0.00000        0.0000000000   0.00000 0      I       1902
   0.00000   0.00000   0.00000   0.00000   0.000000000000000        0.      1903
      0.00  0.0      0.00  0.0      0.00  0.0      0.00  0.0                1904
  -0.00000  -0.00000   0.00000   0.00000   0.00000   0.00000                1905
     0.000     0.000     0.000     0.000     0.000     0.000 0 0            1906
        0.0000000000   0.00000        0.0000000000   0.00000  0             1908
JILIN12   KASHI12   0446+112 2024 12 23 15 24  47.0000000000                2001
    1044327.00647894   0.00000        0.0000000000   0.00000 0      I       2002
   0.00000   0.00000   0.00000   0.00000   0.000000000000000        0.      2003
      0.00  0.0      0.00  0.0      0.00  0.0      0.00  0.0                2004
  -0.00000  -0.00000   0.00000   0.00000   0.00000   0.00000                2005
     0.000     0.000     0.000     0.000     0.000     0.000 0 0            2006
        0.0000000000   0.00000        0.0000000000   0.00000  0             2008
JILIN12   KASHI12   0458-020 2024 12 23 15 25  49.0000000000                2101
    1424244.12572252   0.00000        0.0000000000   0.00000 0      I       2102
   0.00000   0.00000   0.00000   0.00000   0.000000000000000        0.      2103
      0.00  0.0      0.00  0.0      0.00  0.0      0.00  0.0                2104
  -0.00000  -0.00000   0.00000   0.00000   0.00000   0.00000                2105
     0.000     0.000     0.000     0.000     0.000     0.000 0 0            2106
        0.0000000000   0.00000        0.0000000000   0.00000  0             2108
JILIN12   KASHI12   0119+041 2024 12 23 15 26  50.0000000000                2201
  -10087234.66583949   0.00000        0.0000000000   0.00000 0      I       2202
   0.00000   0.00000   0.00000   0.00000   0.000000000000000        0.      2203
      0.00  0.0      0.00  0.0      0.00  0.0      0.00  0.0                2204
  -0.00000  -0.00000   0.00000   0.00000   0.00000   0.00000                2205
     0.000     0.000     0.000     0.000     0.000     0.000 0 0            2206
        0.0000000000   0.00000        0.0000000000   0.00000  0             2208
JILIN12   KASHI12   CTA26    2024 12 23 15 27  59.0000000000                2301
   -3489567.57577671   0.00000        0.0000000000   0.00000 0      I       2302
   0.00000   0.00000   0.00000   0.00000   0.000000000000000        0.      2303
      0.00  0.0      0.00  0.0      0.00  0.0      0.00  0.0                2304
  -0.00000  -0.00000   0.00000   0.00000   0.00000   0.00000                2305
     0.000     0.000     0.000     0.000     0.000     0.000 0 0            2306
        0.0000000000   0.00000        0.0000000000   0.00000  0             2308
JILIN12   KASHI12   0613+570 2024 12 23 15 29  30.0000000000                2401
    4076738.04636829   0.00000        0.0000000000   0.00000 0      I       2402
   0.00000   0.00000   0.00000   0.00000   0.000000000000000        0.      2403
      0.00  0.0      0.00  0.0      0.00  0.0      0.00  0.0                2404
  -0.00000  -0.00000   0.00000   0.00000   0.00000   0.00000                2405
     0.000     0.000     0.000     0.000     0.000     0.000 0 0            2406
        0.0000000000   0.00000        0.0000000000   0.00000  0             2408
JILIN12   KASHI12   1039+811 2024 12 23 15 30  50.0000000000                2501
    3364677.90886222   0.00000        0.0000000000   0.00000 0      I       2502
   0.00000   0.00000   0.00000   0.00000   0.000000000000000        0.      2503
      0.00  0.0      0.00  0.0      0.00  0.0      0.00  0.0                2504
  -0.00000  -0.00000   0.00000   0.00000   0.00000   0.00000                2505
     0.000     0.000     0.000     0.000     0.000     0.000 0 0            2506
        0.0000000000   0.00000        0.0000000000   0.00000  0             2508
JILIN12   KASHI12   0454-234 2024 12 23 15 32  27.0000000000                2601
     270628.70314049   0.00000        0.0000000000   0.00000 0      I       2602
   0.00000   0.00000   0.00000   0.00000   0.000000000000000        0.      2603
      0.00  0.0      0.00  0.0      0.00  0.0      0.00  0.0                2604
  -0.00000  -0.00000   0.00000   0.00000   0.00000   0.00000                2605
     0.000     0.000     0.000     0.000     0.000     0.000 0 0            2606
        0.0000000000   0.00000        0.0000000000   0.00000  0             2608
JILIN12   KASHI12   0221+067 2024 12 23 15 33  26.0000000000                2701
   -7545902.24016959   0.00000        0.0000000000   0.00000 0      I       2702
   0.00000   0.00000   0.00000   0.00000   0.000000000000000        0.      2703
      0.00  0.0      0.00  0.0      0.00  0.0      0.00  0.0                2704
  -0.00000  -0.00000   0.00000   0.00000   0.00000   0.00000                2705
     0.000     0.000     0.000     0.000     0.000     0.000 0 0            2706
        0.0000000000   0.00000        0.0000000000   0.00000  0             2708
JILIN12   KASHI12   0202+319 2024 12 23 15 34  23.0000000000                2801
   -6709573.87986585   0.00000        0.0000000000   0.00000 0      I       2802
   0.00000   0.00000   0.00000   0.00000   0.000000000000000        0.      2803
      0.00  0.0      0.00  0.0      0.00  0.0      0.00  0.0                2804
  -0.00000  -0.00000   0.00000   0.00000   0.00000   0.00000                2805
     0.000     0.000     0.000     0.000     0.000     0.000 0 0            2806
        0.0000000000   0.00000        0.0000000000   0.00000  0             2808
JILIN12   KASHI12   0059+581 2024 12 23 15 35  26.0000000000                2901
   -4821581.09046079   0.00000        0.0000000000   0.00000 0      I       2902
   0.00000   0.00000   0.00000   0.00000   0.000000000000000        0.      2903
      0.00  0.0      0.00  0.0      0.00  0.0      0.00  0.0                2904
  -0.00000  -0.00000   0.00000   0.00000   0.00000   0.00000                2905
     0.000     0.000     0.000     0.000     0.000     0.000 0 0            2906
        0.0000000000   0.00000        0.0000000000   0.00000  0             2908
JILIN12   KASHI12   0420-014 2024 12 23 15 36  40.0000000000                3001
   -1444221.44898221   0.00000        0.0000000000   0.00000 0      I       3002
   0.00000   0.00000   0.00000   0.00000   0.000000000000000        0.      3003
      0.00  0.0      0.00  0.0      0.00  0.0      0.00  0.0                3004
  -0.00000  -0.00000   0.00000   0.00000   0.00000   0.00000                3005
     0.000     0.000     0.000     0.000     0.000     0.000 0 0            3006
        0.0000000000   0.00000        0.0000000000   0.00000  0             3008
JILIN12   KASHI12   NRAO150  2024 12 23 15 37  26.0000000000                3101
    -832194.72472090   0.00000        0.0000000000   0.00000 0      I       3102
   0.00000   0.00000   0.00000   0.00000   0.000000000000000        0.      3103
      0.00  0.0      0.00  0.0      0.00  0.0      0.00  0.0                3104
  -0.00000  -0.00000   0.00000   0.00000   0.00000   0.00000                3105
     0.000     0.000     0.000     0.000     0.000     0.000 0 0            3106
        0.0000000000   0.00000        0.0000000000   0.00000  0             3108
JILIN12   KASHI12   0544+273 2024 12 23 15 38  57.0000000000                3201
    3586407.43833496   0.00000        0.0000000000   0.00000 0      I       3202
   0.00000   0.00000   0.00000   0.00000   0.000000000000000        0.      3203
      0.00  0.0      0.00  0.0      0.00  0.0      0.00  0.0                3204
  -0.00000  -0.00000   0.00000   0.00000   0.00000   0.00000                3205
     0.000     0.000     0.000     0.000     0.000     0.000 0 0            3206
        0.0000000000   0.00000        0.0000000000   0.00000  0             3208
JILIN12   KASHI12   0736+017 2024 12 23 15 40  14.0000000000                3301
    9125545.94975591   0.00000        0.0000000000   0.00000 0      I       3302
   0.00000   0.00000   0.00000   0.00000   0.000000000000000        0.      3303
      0.00  0.0      0.00  0.0      0.00  0.0      0.00  0.0                3304
  -0.00000  -0.00000   0.00000   0.00000   0.00000   0.00000                3305
     0.000     0.000     0.000     0.000     0.000     0.000 0 0            3306
        0.0000000000   0.00000        0.0000000000   0.00000  0             3308
JILIN12   KASHI12   0805+410 2024 12 23 15 41  25.0000000000                3401
    8575271.80254698   0.00000        0.0000000000   0.00000 0      I       3402
   0.00000   0.00000   0.00000   0.00000   0.000000000000000        0.      3403
      0.00  0.0      0.00  0.0      0.00  0.0      0.00  0.0                3404
  -0.00000  -0.00000   0.00000   0.00000   0.00000   0.00000                3405
     0.000     0.000     0.000     0.000     0.000     0.000 0 0            3406
        0.0000000000   0.00000        0.0000000000   0.00000  0             3408
JILIN12   KASHI12   0642+449 2024 12 23 15 42  24.0000000000                3501
    5443287.03477871   0.00000        0.0000000000   0.00000 0      I       3502
   0.00000   0.00000   0.00000   0.00000   0.000000000000000        0.      3503
      0.00  0.0      0.00  0.0      0.00  0.0      0.00  0.0                3504
  -0.00000  -0.00000   0.00000   0.00000   0.00000   0.00000                3505
     0.000     0.000     0.000     0.000     0.000     0.000 0 0            3506
        0.0000000000   0.00000        0.0000000000   0.00000  0             3508
JILIN12   KASHI12   0119+115 2024 12 23 15 43  40.0000000000                3601
  -10364834.37883197   0.00000        0.0000000000   0.00000 0      I       3602
   0.00000   0.00000   0.00000   0.00000   0.000000000000000        0.      3603
      0.00  0.0      0.00  0.0      0.00  0.0      0.00  0.0                3604
  -0.00000  -0.00000   0.00000   0.00000   0.00000   0.00000                3605
     0.000     0.000     0.000     0.000     0.000     0.000 0 0            3606
        0.0000000000   0.00000        0.0000000000   0.00000  0             3608
JILIN12   KASHI12   0229+131 2024 12 23 15 44  35.0000000000                3701
   -7439635.60961182   0.00000        0.0000000000   0.00000 0      I       3702
   0.00000   0.00000   0.00000   0.00000   0.000000000000000        0.      3703
      0.00  0.0      0.00  0.0      0.00  0.0      0.00  0.0                3704
  -0.00000  -0.00000   0.00000   0.00000   0.00000   0.00000                3705
     0.000     0.000     0.000     0.000     0.000     0.000 0 0            3706
        0.0000000000   0.00000        0.0000000000   0.00000  0             3708
JILIN12   KASHI12   0016+731 2024 12 23 15 45  47.0000000000                3801
   -2419888.16129328   0.00000        0.0000000000   0.00000 0      I       3802
   0.00000   0.00000   0.00000   0.00000   0.000000000000000        0.      3803
      0.00  0.0      0.00  0.0      0.00  0.0      0.00  0.0                3804
  -0.00000  -0.00000   0.00000   0.00000   0.00000   0.00000                3805
     0.000     0.000     0.000     0.000     0.000     0.000 0 0            3806
        0.0000000000   0.00000        0.0000000000   0.00000  0             3808
JILIN12   KASHI12   0748+126 2024 12 23 15 47  12.0000000000                3901
    9340757.74546870   0.00000        0.0000000000   0.00000 0      I       3902
   0.00000   0.00000   0.00000   0.00000   0.000000000000000        0.      3903
      0.00  0.0      0.00  0.0      0.00  0.0      0.00  0.0                3904
  -0.00000  -0.00000   0.00000   0.00000   0.00000   0.00000                3905
     0.000     0.000     0.000     0.000     0.000     0.000 0 0            3906
        0.0000000000   0.00000        0.0000000000   0.00000  0             3908
JILIN12   KASHI12   0955+476 2024 12 23 15 48  13.0000000000                4001
    9768862.79006303   0.00000        0.0000000000   0.00000 0      I       4002
   0.00000   0.00000   0.00000   0.00000   0.000000000000000        0.      4003
      0.00  0.0      0.00  0.0      0.00  0.0      0.00  0.0                4004
  -0.00000  -0.00000   0.00000   0.00000   0.00000   0.00000                4005
     0.000     0.000     0.000     0.000     0.000     0.000 0 0            4006
        0.0000000000   0.00000        0.0000000000   0.00000  0             4008
JILIN12   KASHI12   0552+398 2024 12 23 15 49  26.0000000000                4101
    3289598.00632889   0.00000        0.0000000000   0.00000 0      I       4102
   0.00000   0.00000   0.00000   0.00000   0.000000000000000        0.      4103
      0.00  0.0      0.00  0.0      0.00  0.0      0.00  0.0                4104
  -0.00000  -0.00000   0.00000   0.00000   0.00000   0.00000                4105
     0.000     0.000     0.000     0.000     0.000     0.000 0 0            4106
        0.0000000000   0.00000        0.0000000000   0.00000  0             4108
JILIN12   KASHI12   0403-132 2024 12 23 15 51  37.0000000000                4201
   -3512793.89094400   0.00000        0.0000000000   0.00000 0      I       4202
   0.00000   0.00000   0.00000   0.00000   0.000000000000000        0.      4203
      0.00  0.0      0.00  0.0      0.00  0.0      0.00  0.0                4204
  -0.00000  -0.00000   0.00000   0.00000   0.00000   0.00000                4205
     0.000     0.000     0.000     0.000     0.000     0.000 0 0            4206
        0.0000000000   0.00000        0.0000000000   0.00000  0             4208
JILIN12   KASHI12   0109+224 2024 12 23 15 52  46.0000000000                4301
  -10105281.17426594   0.00000        0.0000000000   0.00000 0      I       4302
   0.00000   0.00000   0.00000   0.00000   0.000000000000000        0.      4303
      0.00  0.0      0.00  0.0      0.00  0.0      0.00  0.0                4304
  -0.00000  -0.00000   0.00000   0.00000   0.00000   0.00000                4305
     0.000     0.000     0.000     0.000     0.000     0.000 0 0            4306
        0.0000000000   0.00000        0.0000000000   0.00000  0             4308
JILIN12   KASHI12   0133+476 2024 12 23 15 53  45.0000000000                4401
   -6235587.34616621   0.00000        0.0000000000   0.00000 0      I       4402
   0.00000   0.00000   0.00000   0.00000   0.000000000000000        0.      4403
      0.00  0.0      0.00  0.0      0.00  0.0      0.00  0.0                4404
  -0.00000  -0.00000   0.00000   0.00000   0.00000   0.00000                4405
     0.000     0.000     0.000     0.000     0.000     0.000 0 0            4406
        0.0000000000   0.00000        0.0000000000   0.00000  0             4408
JILIN12   KASHI12   0606-223 2024 12 23 15 55  09.0000000000                4501
    2945492.64926169   0.00000        0.0000000000   0.00000 0      I       4502
   0.00000   0.00000   0.00000   0.00000   0.000000000000000        0.      4503
      0.00  0.0      0.00  0.0      0.00  0.0      0.00  0.0                4504
  -0.00000  -0.00000   0.00000   0.00000   0.00000   0.00000                4505
     0.000     0.000     0.000     0.000     0.000     0.000 0 0            4506
        0.0000000000   0.00000        0.0000000000   0.00000  0             4508
JILIN12   KASHI12   OJ287    2024 12 23 15 56  20.0000000000                4601
   11099663.75723619   0.00000        0.0000000000   0.00000 0      I       4602
   0.00000   0.00000   0.00000   0.00000   0.000000000000000        0.      4603
      0.00  0.0      0.00  0.0      0.00  0.0      0.00  0.0                4604
  -0.00000  -0.00000   0.00000   0.00000   0.00000   0.00000                4605
     0.000     0.000     0.000     0.000     0.000     0.000 0 0            4606
        0.0000000000   0.00000        0.0000000000   0.00000  0             4608
JILIN12   KASHI12   0458-020 2024 12 23 15 57  23.0000000000                4701
    -444798.63749104   0.00000        0.0000000000   0.00000 0      I       4702
   0.00000   0.00000   0.00000   0.00000   0.000000000000000        0.      4703
      0.00  0.0      0.00  0.0      0.00  0.0      0.00  0.0                4704
  -0.00000  -0.00000   0.00000   0.00000   0.00000   0.00000                4705
     0.000     0.000     0.000     0.000     0.000     0.000 0 0            4706
        0.0000000000   0.00000        0.0000000000   0.00000  0             4708
JILIN12   KASHI12   0602+673 2024 12 23 15 58  36.0000000000                4801
    2465437.93081357   0.00000        0.0000000000   0.00000 0      I       4802
   0.00000   0.00000   0.00000   0.00000   0.000000000000000        0.      4803
      0.00  0.0      0.00  0.0      0.00  0.0      0.00  0.0                4804
  -0.00000  -0.00000   0.00000   0.00000   0.00000   0.00000                4805
     0.000     0.000     0.000     0.000     0.000     0.000 0 0            4806
        0.0000000000   0.00000        0.0000000000   0.00000  0             4808
JILIN12   KASHI12   0446+112 2024 12 23 15 59  55.0000000000                4901
    -996937.79313299   0.00000        0.0000000000   0.00000 0      I       4902
   0.00000   0.00000   0.00000   0.00000   0.000000000000000        0.      4903
      0.00  0.0      0.00  0.0      0.00  0.0      0.00  0.0                4904
  -0.00000  -0.00000   0.00000   0.00000   0.00000   0.00000                4905
     0.000     0.000     0.000     0.000     0.000     0.000 0 0            4906
        0.0000000000   0.00000        0.0000000000   0.00000  0             4908
JILIN12   KASHI12   CTA26    2024 12 23 16 01  09.0000000000                5001
   -5348811.43891074   0.00000        0.0000000000   0.00000 0      I       5002
   0.00000   0.00000   0.00000   0.00000   0.000000000000000        0.      5003
      0.00  0.0      0.00  0.0      0.00  0.0      0.00  0.0                5004
  -0.00000  -0.00000   0.00000   0.00000   0.00000   0.00000                5005
     0.000     0.000     0.000     0.000     0.000     0.000 0 0            5006
        0.0000000000   0.00000        0.0000000000   0.00000  0             5008
JILIN12   KASHI12   0235+164 2024 12 23 16 02  18.0000000000                5101
   -7747226.80213971   0.00000        0.0000000000   0.00000 0      I       5102
   0.00000   0.00000   0.00000   0.00000   0.000000000000000        0.      5103
      0.00  0.0      0.00  0.0      0.00  0.0      0.00  0.0                5104
  -0.00000  -0.00000   0.00000   0.00000   0.00000   0.00000                5105
     0.000     0.000     0.000     0.000     0.000     0.000 0 0            5106
        0.0000000000   0.00000        0.0000000000   0.00000  0             5108
JILIN12   KASHI12   0454-234 2024 12 23 16 03  21.0000000000                5201
   -1411060.51171742   0.00000        0.0000000000   0.00000 0      I       5202
   0.00000   0.00000   0.00000   0.00000   0.000000000000000        0.      5203
      0.00  0.0      0.00  0.0      0.00  0.0      0.00  0.0                5204
  -0.00000  -0.00000   0.00000   0.00000   0.00000   0.00000                5205
     0.000     0.000     0.000     0.000     0.000     0.000 0 0            5206
        0.0000000000   0.00000        0.0000000000   0.00000  0             5208
JILIN12   KASHI12   0648-165 2024 12 23 16 04  16.0000000000                5301
    4903799.83307433   0.00000        0.0000000000   0.00000 0      I       5302
   0.00000   0.00000   0.00000   0.00000   0.000000000000000        0.      5303
      0.00  0.0      0.00  0.0      0.00  0.0      0.00  0.0                5304
  -0.00000  -0.00000   0.00000   0.00000   0.00000   0.00000                5305
     0.000     0.000     0.000     0.000     0.000     0.000 0 0            5306
        0.0000000000   0.00000        0.0000000000   0.00000  0             5308
JILIN12   KASHI12   0202+319 2024 12 23 16 05  23.0000000000                5401
   -7830290.32688219   0.00000        0.0000000000   0.00000 0      I       5402
   0.00000   0.00000   0.00000   0.00000   0.000000000000000        0.      5403
      0.00  0.0      0.00  0.0      0.00  0.0      0.00  0.0                5404
  -0.00000  -0.00000   0.00000   0.00000   0.00000   0.00000                5405
     0.000     0.000     0.000     0.000     0.000     0.000 0 0            5406
        0.0000000000   0.00000        0.0000000000   0.00000  0             5408
JILIN12   KASHI12   0059+581 2024 12 23 16 06  24.0000000000                5501
   -5305896.75998800   0.00000        0.0000000000   0.00000 0      I       5502
   0.00000   0.00000   0.00000   0.00000   0.000000000000000        0.      5503
      0.00  0.0      0.00  0.0      0.00  0.0      0.00  0.0                5504
  -0.00000  -0.00000   0.00000   0.00000   0.00000   0.00000                5505
     0.000     0.000     0.000     0.000     0.000     0.000 0 0            5506
        0.0000000000   0.00000        0.0000000000   0.00000  0             5508
JILIN12   KASHI12   0221+067 2024 12 23 16 07  30.0000000000                5601
   -9100114.84372728   0.00000        0.0000000000   0.00000 0      I       5602
   0.00000   0.00000   0.00000   0.00000   0.000000000000000        0.      5603
      0.00  0.0      0.00  0.0      0.00  0.0      0.00  0.0                5604
  -0.00000  -0.00000   0.00000   0.00000   0.00000   0.00000                5605
     0.000     0.000     0.000     0.000     0.000     0.000 0 0            5606
        0.0000000000   0.00000        0.0000000000   0.00000  0             5608
JILIN12   KASHI12   0420-014 2024 12 23 16 08  28.0000000000                5701
   -3300575.40881822   0.00000        0.0000000000   0.00000 0      I       5702
   0.00000   0.00000   0.00000   0.00000   0.000000000000000        0.      5703
      0.00  0.0      0.00  0.0      0.00  0.0      0.00  0.0                5704
  -0.00000  -0.00000   0.00000   0.00000   0.00000   0.00000                5705
     0.000     0.000     0.000     0.000     0.000     0.000 0 0            5706
        0.0000000000   0.00000        0.0000000000   0.00000  0             5708
JILIN12   KASHI12   NRAO150  2024 12 23 16 09  36.0000000000                5801
   -1984859.97545087   0.00000        0.0000000000   0.00000 0      I       5802
   0.00000   0.00000   0.00000   0.00000   0.000000000000000        0.      5803
      0.00  0.0      0.00  0.0      0.00  0.0      0.00  0.0                5804
  -0.00000  -0.00000   0.00000   0.00000   0.00000   0.00000                5805
     0.000     0.000     0.000     0.000     0.000     0.000 0 0            5806
        0.0000000000   0.00000        0.0000000000   0.00000  0             5808
JILIN12   KASHI12   0613+570 2024 12 23 16 10  33.0000000000                5901
    2827372.26673200   0.00000        0.0000000000   0.00000 0      I       5902
   0.00000   0.00000   0.00000   0.00000   0.000000000000000        0.      5903
      0.00  0.0      0.00  0.0      0.00  0.0      0.00  0.0                5904
  -0.00000  -0.00000   0.00000   0.00000   0.00000   0.00000                5905
     0.000     0.000     0.000     0.000     0.000     0.000 0 0            5906
        0.0000000000   0.00000        0.0000000000   0.00000  0             5908
JILIN12   KASHI12   0808+019 2024 12 23 16 11  54.0000000000                6001
    9145053.93049580   0.00000        0.0000000000   0.00000 0      I       6002
   0.00000   0.00000   0.00000   0.00000   0.000000000000000        0.      6003
      0.00  0.0      0.00  0.0      0.00  0.0      0.00  0.0                6004
  -0.00000  -0.00000   0.00000   0.00000   0.00000   0.00000                6005
     0.000     0.000     0.000     0.000     0.000     0.000 0 0            6006
        0.0000000000   0.00000        0.0000000000   0.00000  0             6008
JILIN12   KASHI12   0805+410 2024 12 23 16 13  02.0000000000                6101
    7578513.79718723   0.00000        0.0000000000   0.00000 0      I       6102
   0.00000   0.00000   0.00000   0.00000   0.000000000000000        0.      6103
      0.00  0.0      0.00  0.0      0.00  0.0      0.00  0.0                6104
  -0.00000  -0.00000   0.00000   0.00000   0.00000   0.00000                6105
     0.000     0.000     0.000     0.000     0.000     0.000 0 0            6106
        0.0000000000   0.00000        0.0000000000   0.00000  0             6108
JILIN12   KASHI12   1039+811 2024 12 23 16 14  30.0000000000                6201
    3332634.69283954   0.00000        0.0000000000   0.00000 0      I       6202
   0.00000   0.00000   0.00000   0.00000   0.000000000000000        0.      6203
      0.00  0.0      0.00  0.0      0.00  0.0      0.00  0.0                6204
  -0.00000  -0.00000   0.00000   0.00000   0.00000   0.00000                6205
     0.000     0.000     0.000     0.000     0.000     0.000 0 0            6206
        0.0000000000   0.00000        0.0000000000   0.00000  0             6208
JILIN12   KASHI12   0814+425 2024 12 23 16 15  56.0000000000                6301
    7655086.59254301   0.00000        0.0000000000   0.00000 0      I       6302
   0.00000   0.00000   0.00000   0.00000   0.000000000000000        0.      6303
      0.00  0.0      0.00  0.0      0.00  0.0      0.00  0.0                6304
  -0.00000  -0.00000   0.00000   0.00000   0.00000   0.00000                6305
     0.000     0.000     0.000     0.000     0.000     0.000 0 0            6306
        0.0000000000   0.00000        0.0000000000   0.00000  0             6308
JILIN12   KASHI12   0016+731 2024 12 23 16 17  28.0000000000                6401
   -2574055.48896486   0.00000        0.0000000000   0.00000 0      I       6402
   0.00000   0.00000   0.00000   0.00000   0.000000000000000        0.      6403
      0.00  0.0      0.00  0.0      0.00  0.0      0.00  0.0                6404
  -0.00000  -0.00000   0.00000   0.00000   0.00000   0.00000                6405
     0.000     0.000     0.000     0.000     0.000     0.000 0 0            6406
        0.0000000000   0.00000        0.0000000000   0.00000  0             6408
JILIN12   KASHI12   0748+126 2024 12 23 16 18  52.0000000000                6501
    7922516.57695061   0.00000        0.0000000000   0.00000 0      I       6502
   0.00000   0.00000   0.00000   0.00000   0.000000000000000        0.      6503
      0.00  0.0      0.00  0.0      0.00  0.0      0.00  0.0                6504
  -0.00000  -0.00000   0.00000   0.00000   0.00000   0.00000                6505
     0.000     0.000     0.000     0.000     0.000     0.000 0 0            6506
        0.0000000000   0.00000        0.0000000000   0.00000  0             6508
JILIN12   KASHI12   0955+476 2024 12 23 16 19  55.0000000000                6601
    9353408.83746517   0.00000        0.0000000000   0.00000 0      I       6602
   0.00000   0.00000   0.00000   0.00000   0.000000000000000        0.      6603
      0.00  0.0      0.00  0.0      0.00  0.0      0.00  0.0                6604
  -0.00000  -0.00000   0.00000   0.00000   0.00000   0.00000                6605
     0.000     0.000     0.000     0.000     0.000     0.000 0 0            6606
        0.0000000000   0.00000        0.0000000000   0.00000  0             6608
JILIN12   KASHI12   0727-115 2024 12 23 16 22  12.0000000000                6701
    6257936.46059909   0.00000        0.0000000000   0.00000 0      I       6702
   0.00000   0.00000   0.00000   0.00000   0.000000000000000        0.      6703
      0.00  0.0      0.00  0.0      0.00  0.0      0.00  0.0                6704
  -0.00000  -0.00000   0.00000   0.00000   0.00000   0.00000                6705
     0.000     0.000     0.000     0.000     0.000     0.000 0 0            6706
        0.0000000000   0.00000        0.0000000000   0.00000  0             6708
JILIN12   KASHI12   0109+224 2024 12 23 16 23  20.0000000000                6801
  -10898403.23540079   0.00000        0.0000000000   0.00000 0      I       6802
   0.00000   0.00000   0.00000   0.00000   0.000000000000000        0.      6803
      0.00  0.0      0.00  0.0      0.00  0.0      0.00  0.0                6804
  -0.00000  -0.00000   0.00000   0.00000   0.00000   0.00000                6805
     0.000     0.000     0.000     0.000     0.000     0.000 0 0            6806
        0.0000000000   0.00000        0.0000000000   0.00000  0             6808
JILIN12   KASHI12   3C371    2024 12 23 16 24  47.0000000000                6901
     527115.69686062   0.00000        0.0000000000   0.00000 0      I       6902
   0.00000   0.00000   0.00000   0.00000   0.000000000000000        0.      6903
      0.00  0.0      0.00  0.0      0.00  0.0      0.00  0.0                6904
  -0.00000  -0.00000   0.00000   0.00000   0.00000   0.00000                6905
     0.000     0.000     0.000     0.000     0.000     0.000 0 0            6906
        0.0000000000   0.00000        0.0000000000   0.00000  0             6908
JILIN12   KASHI12   0309+411 2024 12 23 16 26  14.0000000000                7001
   -5162497.95253895   0.00000        0.0000000000   0.00000 0      I       7002
   0.00000   0.00000   0.00000   0.00000   0.000000000000000        0.      7003
      0.00  0.0      0.00  0.0      0.00  0.0      0.00  0.0                7004
  -0.00000  -0.00000   0.00000   0.00000   0.00000   0.00000                7005
     0.000     0.000     0.000     0.000     0.000     0.000 0 0            7006
        0.0000000000   0.00000        0.0000000000   0.00000  0             7008
JILIN12   KASHI12   0133+476 2024 12 23 16 27  09.0000000000                7101
   -6977049.63692484   0.00000        0.0000000000   0.00000 0      I       7102
   0.00000   0.00000   0.00000   0.00000   0.000000000000000        0.      7103
      0.00  0.0      0.00  0.0      0.00  0.0      0.00  0.0                7104
  -0.00000  -0.00000   0.00000   0.00000   0.00000   0.00000                7105
     0.000     0.000     0.000     0.000     0.000     0.000 0 0            7106
        0.0000000000   0.00000        0.0000000000   0.00000  0             7108
JILIN12   KASHI12   OJ287    2024 12 23 16 29  34.0000000000                7201
    9981215.09553822   0.00000        0.0000000000   0.00000 0      I       7202
   0.00000   0.00000   0.00000   0.00000   0.000000000000000        0.      7203
      0.00  0.0      0.00  0.0      0.00  0.0      0.00  0.0                7204
  -0.00000  -0.00000   0.00000   0.00000   0.00000   0.00000                7205
     0.000     0.000     0.000     0.000     0.000     0.000 0 0            7206
        0.0000000000   0.00000        0.0000000000   0.00000  0             7208
JILIN12   KASHI12   0446+112 2024 12 23 16 30  39.0000000000                7301
   -2760307.70430021   0.00000        0.0000000000   0.00000 0      I       7302
   0.00000   0.00000   0.00000   0.00000   0.000000000000000        0.      7303
      0.00  0.0      0.00  0.0      0.00  0.0      0.00  0.0                7304
  -0.00000  -0.00000   0.00000   0.00000   0.00000   0.00000                7305
     0.000     0.000     0.000     0.000     0.000     0.000 0 0            7306
        0.0000000000   0.00000        0.0000000000   0.00000  0             7308
JILIN12   KASHI12   0458-020 2024 12 23 16 32  40.0000000000                7401
   -2523150.66374688   0.00000        0.0000000000   0.00000 0      I       7402
   0.00000   0.00000   0.00000   0.00000   0.000000000000000        0.      7403
      0.00  0.0      0.00  0.0      0.00  0.0      0.00  0.0                7404
  -0.00000  -0.00000   0.00000   0.00000   0.00000   0.00000                7405
     0.000     0.000     0.000     0.000     0.000     0.000 0 0            7406
        0.0000000000   0.00000        0.0000000000   0.00000  0             7408
JILIN12   KASHI12   0700-197 2024 12 23 16 33  38.0000000000                7501
    3854350.06585157   0.00000        0.0000000000   0.00000 0      I       7502
   0.00000   0.00000   0.00000   0.00000   0.000000000000000        0.      7503
      0.00  0.0      0.00  0.0      0.00  0.0      0.00  0.0                7504
  -0.00000  -0.00000   0.00000   0.00000   0.00000   0.00000                7505
     0.000     0.000     0.000     0.000     0.000     0.000 0 0            7506
        0.0000000000   0.00000        0.0000000000   0.00000  0             7508
JILIN12   KASHI12   0454-234 2024 12 23 16 34  33.0000000000                7601
   -3091712.57884964   0.00000        0.0000000000   0.00000 0      I       7602
   0.00000   0.00000   0.00000   0.00000   0.000000000000000        0.      7603
      0.00  0.0      0.00  0.0      0.00  0.0      0.00  0.0                7604
  -0.00000  -0.00000   0.00000   0.00000   0.00000   0.00000                7605
     0.000     0.000     0.000     0.000     0.000     0.000 0 0            7606
        0.0000000000   0.00000        0.0000000000   0.00000  0             7608
JILIN12   KASHI12   0642+449 2024 12 23 16 36  46.0000000000                7701
    3322618.96508602   0.00000        0.0000000000   0.00000 0      I       7702
   0.00000   0.00000   0.00000   0.00000   0.000000000000000        0.      7703
      0.00  0.0      0.00  0.0      0.00  0.0      0.00  0.0                7704
  -0.00000  -0.00000   0.00000   0.00000   0.00000   0.00000                7705
     0.000     0.000     0.000     0.000     0.000     0.000 0 0            7706
        0.0000000000   0.00000        0.0000000000   0.00000  0             7708
JILIN12   KASHI12   0202+319 2024 12 23 16 38  02.0000000000                7801
   -8841974.85611813   0.00000        0.0000000000   0.00000 0      I       7802
   0.00000   0.00000   0.00000   0.00000   0.000000000000000        0.      7803
      0.00  0.0      0.00  0.0      0.00  0.0      0.00  0.0                7804
  -0.00000  -0.00000   0.00000   0.00000   0.00000   0.00000                7805
     0.000     0.000     0.000     0.000     0.000     0.000 0 0            7806
        0.0000000000   0.00000        0.0000000000   0.00000  0             7808
JILIN12   KASHI12   0059+581 2024 12 23 16 39  01.0000000000                7901
   -5690320.33823060   0.00000        0.0000000000   0.00000 0      I       7902
   0.00000   0.00000   0.00000   0.00000   0.000000000000000        0.      7903
      0.00  0.0      0.00  0.0      0.00  0.0      0.00  0.0                7904
  -0.00000  -0.00000   0.00000   0.00000   0.00000   0.00000                7905
     0.000     0.000     0.000     0.000     0.000     0.000 0 0            7906
        0.0000000000   0.00000        0.0000000000   0.00000  0             7908
JILIN12   KASHI12   0420-014 2024 12 23 16 40  12.0000000000                8001
   -5089994.23007188   0.00000        0.0000000000   0.00000 0      I       8002
   0.00000   0.00000   0.00000   0.00000   0.000000000000000        0.      8003
      0.00  0.0      0.00  0.0      0.00  0.0      0.00  0.0                8004
  -0.00000  -0.00000   0.00000   0.00000   0.00000   0.00000                8005
     0.000     0.000     0.000     0.000     0.000     0.000 0 0            8006
        0.0000000000   0.00000        0.0000000000   0.00000  0             8008
JILIN12   KASHI12   0823+033 2024 12 23 16 41  15.0000000000                8101
    8488088.15807936   0.00000        0.0000000000   0.00000 0      I       8102
   0.00000   0.00000   0.00000   0.00000   0.000000000000000        0.      8103
      0.00  0.0      0.00  0.0      0.00  0.0      0.00  0.0                8104
  -0.00000  -0.00000   0.00000   0.00000   0.00000   0.00000                8105
     0.000     0.000     0.000     0.000     0.000     0.000 0 0            8106
        0.0000000000   0.00000        0.0000000000   0.00000  0             8108
JILIN12   KASHI12   0606-223 2024 12 23 16 42  26.0000000000                8201
     393061.27742218   0.00000        0.0000000000   0.00000 0      I       8202
   0.00000   0.00000   0.00000   0.00000   0.000000000000000        0.      8203
      0.00  0.0      0.00  0.0      0.00  0.0      0.00  0.0                8204
  -0.00000  -0.00000   0.00000   0.00000   0.00000   0.00000                8205
     0.000     0.000     0.000     0.000     0.000     0.000 0 0            8206
        0.0000000000   0.00000        0.0000000000   0.00000  0             8208
JILIN12   KASHI12   0805+410 2024 12 23 16 43  43.0000000000                8301
    6486945.53576655   0.00000        0.0000000000   0.00000 0      I       8302
   0.00000   0.00000   0.00000   0.00000   0.000000000000000        0.      8303
      0.00  0.0      0.00  0.0      0.00  0.0      0.00  0.0                8304
  -0.00000  -0.00000   0.00000   0.00000   0.00000   0.00000                8305
     0.000     0.000     0.000     0.000     0.000     0.000 0 0            8306
        0.0000000000   0.00000        0.0000000000   0.00000  0             8308
JILIN12   KASHI12   0648-165 2024 12 23 16 44  49.0000000000                8401
    2723822.42221100   0.00000        0.0000000000   0.00000 0      I       8402
   0.00000   0.00000   0.00000   0.00000   0.000000000000000        0.      8403
      0.00  0.0      0.00  0.0      0.00  0.0      0.00  0.0                8404
  -0.00000  -0.00000   0.00000   0.00000   0.00000   0.00000                8405
     0.000     0.000     0.000     0.000     0.000     0.000 0 0            8406
        0.0000000000   0.00000        0.0000000000   0.00000  0             8408
JILIN12   KASHI12   CTA26    2024 12 23 16 46  31.0000000000                8501
   -7703709.89619615   0.00000        0.0000000000   0.00000 0      I       8502
   0.00000   0.00000   0.00000   0.00000   0.000000000000000        0.      8503
      0.00  0.0      0.00  0.0      0.00  0.0      0.00  0.0                8504
  -0.00000  -0.00000   0.00000   0.00000   0.00000   0.00000                8505
     0.000     0.000     0.000     0.000     0.000     0.000 0 0            8506
        0.0000000000   0.00000        0.0000000000   0.00000  0             8508
JILIN12   KASHI12   0016+731 2024 12 23 16 48  17.0000000000                8601
   -2655343.75273387   0.00000        0.0000000000   0.00000 0      I       8602
   0.00000   0.00000   0.00000   0.00000   0.000000000000000        0.      8603
      0.00  0.0      0.00  0.0      0.00  0.0      0.00  0.0                8604
  -0.00000  -0.00000   0.00000   0.00000   0.00000   0.00000                8605
     0.000     0.000     0.000     0.000     0.000     0.000 0 0            8606
        0.0000000000   0.00000        0.0000000000   0.00000  0             8608
JILIN12   KASHI12   0748+126 2024 12 23 16 49  40.0000000000                8701
    6401956.29079888   0.00000        0.0000000000   0.00000 0      I       8702
   0.00000   0.00000   0.00000   0.00000   0.000000000000000        0.      8703
      0.00  0.0      0.00  0.0      0.00  0.0      0.00  0.0                8704
  -0.00000  -0.00000   0.00000   0.00000   0.00000   0.00000                8705
     0.000     0.000     0.000     0.000     0.000     0.000 0 0            8706
        0.0000000000   0.00000        0.0000000000   0.00000  0             8708
JILIN12   KASHI12   0955+476 2024 12 23 16 50  44.0000000000                8801
    8793562.37364235   0.00000        0.0000000000   0.00000 0      I       8802
   0.00000   0.00000   0.00000   0.00000   0.000000000000000        0.      8803
      0.00  0.0      0.00  0.0      0.00  0.0      0.00  0.0                8804
  -0.00000  -0.00000   0.00000   0.00000   0.00000   0.00000                8805
     0.000     0.000     0.000     0.000     0.000     0.000 0 0            8806
        0.0000000000   0.00000        0.0000000000   0.00000  0             8808
JILIN12   KASHI12   0552+398 2024 12 23 16 52  00.0000000000                8901
     463323.99666554   0.00000        0.0000000000   0.00000 0      I       8902
   0.00000   0.00000   0.00000   0.00000   0.000000000000000        0.      8903
      0.00  0.0      0.00  0.0      0.00  0.0      0.00  0.0                8904
  -0.00000  -0.00000   0.00000   0.00000   0.00000   0.00000                8905
     0.000     0.000     0.000     0.000     0.000     0.000 0 0            8906
        0.0000000000   0.00000        0.0000000000   0.00000  0             8908
JILIN12   KASHI12   0613+570 2024 12 23 16 52  59.0000000000                9001
    1475008.23139054   0.00000        0.0000000000   0.00000 0      I       9002
   0.00000   0.00000   0.00000   0.00000   0.000000000000000        0.      9003
      0.00  0.0      0.00  0.0      0.00  0.0      0.00  0.0                9004
  -0.00000  -0.00000   0.00000   0.00000   0.00000   0.00000                9005
     0.000     0.000     0.000     0.000     0.000     0.000 0 0            9006
        0.0000000000   0.00000        0.0000000000   0.00000  0             9008
JILIN12   KASHI12   NRAO150  2024 12 23 16 54  30.0000000000                9101
   -3492340.43341997   0.00000        0.0000000000   0.00000 0      I       9102
   0.00000   0.00000   0.00000   0.00000   0.000000000000000        0.      9103
      0.00  0.0      0.00  0.0      0.00  0.0      0.00  0.0                9104
  -0.00000  -0.00000   0.00000   0.00000   0.00000   0.00000                9105
     0.000     0.000     0.000     0.000     0.000     0.000 0 0            9106
        0.0000000000   0.00000        0.0000000000   0.00000  0             9108
JILIN12   KASHI12   1803+784 2024 12 23 16 55  59.0000000000                9201
    1287170.13470054   0.00000        0.0000000000   0.00000 0      I       9202
   0.00000   0.00000   0.00000   0.00000   0.000000000000000        0.      9203
      0.00  0.0      0.00  0.0      0.00  0.0      0.00  0.0                9204
  -0.00000  -0.00000   0.00000   0.00000   0.00000   0.00000                9205
     0.000     0.000     0.000     0.000     0.000     0.000 0 0            9206
        0.0000000000   0.00000        0.0000000000   0.00000  0             9208
